# Wavefront OBJ file
# Exported by Misfit Model 3D 1.2.4
# Wed Nov 25 19:45:03 2015

mtllib mouse_mtl

# 144 Vertices
v 0.166527 0.379964 -0.024787
v 0.189475 0.249815 -0.024639
v 0.189298 0.249815 0.002821
v 0.166349 0.379964 0.002672
v 0.255555 0.135364 -0.024211
v 0.255377 0.135364 0.003248
v 0.356782 0.050416 -0.023557
v 0.356604 0.050416 0.003903
v 0.48097 0.005216 -0.022753
v 0.480793 0.005216 0.004706
v 0.613116 0.005216 -0.021899
v 0.612939 0.005216 0.005561
v 0.737305 0.050416 -0.021095
v 0.737127 0.050416 0.006364
v 0.838543 0.135364 -0.02044
v 0.838365 0.135364 0.007019
v 0.904621 0.249815 -0.020013
v 0.904444 0.249815 0.007447
v 0.927571 0.379964 -0.019864
v 0.927393 0.379964 0.007595
v 0.904621 0.510113 -0.020013
v 0.904444 0.510113 0.007447
v 0.838543 0.62456 -0.02044
v 0.838365 0.62456 0.007019
v 0.737305 0.709509 -0.021095
v 0.737127 0.709509 0.006364
v 0.613127 0.754709 -0.021898
v 0.61295 0.754709 0.005561
v 0.48097 0.754709 -0.022753
v 0.480793 0.754709 0.004706
v 0.356782 0.709509 -0.023557
v 0.356604 0.709509 0.003903
v 0.255555 0.62456 -0.024211
v 0.255377 0.62456 0.003248
v 0.189475 0.510113 -0.024639
v 0.189298 0.510113 0.002821
v 0.274632 0.60869 -0.04841
v 0.36929 0.68812 -0.047797
v 0.485416 0.730389 -0.047046
v 0.608994 0.730389 -0.046247
v 0.725122 0.68812 -0.045496
v 0.819781 0.60869 -0.044883
v 0.881569 0.501665 -0.044484
v 0.903029 0.379964 -0.044345
v 0.881569 0.258263 -0.044484
v 0.819781 0.151241 -0.044883
v 0.725122 0.071805 -0.045496
v 0.608994 0.029539 -0.046247
v 0.485416 0.029539 -0.047046
v 0.36929 0.071805 -0.047797
v 0.274632 0.151241 -0.04841
v 0.212843 0.258263 -0.048809
v 0.191383 0.379964 -0.048948
v 0.212843 0.501666 -0.048809
v 0.212351 0.258263 0.02729
v 0.27414 0.151241 0.02769
v 0.368798 0.071805 0.028302
v 0.484924 0.029539 0.029053
v 0.608502 0.029539 0.029853
v 0.72463 0.071805 0.030604
v 0.819288 0.151241 0.031216
v 0.881077 0.258263 0.031616
v 0.902536 0.379964 0.031755
v 0.881077 0.501665 0.031616
v 0.819288 0.60869 0.031216
v 0.72463 0.68812 0.030604
v 0.608502 0.730389 0.029853
v 0.484924 0.730389 0.029053
v 0.368798 0.68812 0.028302
v 0.27414 0.60869 0.02769
v 0.212351 0.501666 0.02729
v 0.19089 0.379964 0.027151
v -0.901792 0.374896 -0.031698
v -0.878841 0.244747 -0.031549
v -0.879019 0.244747 -0.00409
v -0.901969 0.374896 -0.004238
v -0.812764 0.130297 -0.031122
v -0.812941 0.130297 -0.003663
v -0.711525 0.045348 -0.030467
v -0.711702 0.045348 -0.003008
v -0.587337 0.000148 -0.029664
v -0.587515 0.000148 -0.002204
v -0.455191 0.000148 -0.028809
v -0.455369 0.000148 -0.00135
v -0.331003 0.045348 -0.028006
v -0.33118 0.045348 -0.000546
v -0.229776 0.130297 -0.027351
v -0.229954 0.130297 0.000109
v -0.163696 0.244747 -0.026923
v -0.163874 0.244747 0.000536
v -0.140748 0.374896 -0.026775
v -0.140925 0.374896 0.000684
v -0.163696 0.505045 -0.026923
v -0.163874 0.505045 0.000536
v -0.229776 0.6195 -0.027351
v -0.229954 0.6195 0.000109
v -0.331003 0.70444 -0.028006
v -0.33118 0.70444 -0.000546
v -0.455191 0.74964 -0.028809
v -0.455369 0.74964 -0.00135
v -0.587337 0.74964 -0.029664
v -0.587515 0.74964 -0.002204
v -0.711525 0.70444 -0.030467
v -0.711702 0.70444 -0.003008
v -0.812764 0.6195 -0.031122
v -0.812941 0.6195 -0.003663
v -0.878841 0.505045 -0.031549
v -0.879019 0.505045 -0.00409
v -0.793687 0.60362 -0.05532
v -0.699029 0.68305 -0.054708
v -0.582901 0.72532 -0.053957
v -0.459323 0.72532 -0.053157
v -0.343196 0.68305 -0.052406
v -0.248538 0.60362 -0.051794
v -0.186749 0.496597 -0.051394
v -0.165289 0.374896 -0.051255
v -0.186749 0.253195 -0.051394
v -0.248538 0.146173 -0.051794
v -0.343196 0.066738 -0.052406
v -0.459323 0.024472 -0.053157
v -0.582901 0.024472 -0.053957
v -0.699029 0.066738 -0.054708
v -0.793687 0.146173 -0.05532
v -0.855475 0.253195 -0.05572
v -0.876934 0.374896 -0.055859
v -0.855475 0.496598 -0.05572
v -0.855968 0.253195 0.02038
v -0.794179 0.146173 0.020779
v -0.699521 0.066738 0.021392
v -0.583393 0.024472 0.022143
v -0.459815 0.024472 0.022942
v -0.343688 0.066738 0.023693
v -0.24903 0.146173 0.024306
v -0.187242 0.253195 0.024705
v -0.165781 0.374896 0.024844
v -0.187242 0.496597 0.024705
v -0.24903 0.60362 0.024306
v -0.343688 0.68305 0.023693
v -0.459815 0.72532 0.022942
v -0.583393 0.72532 0.022143
v -0.699521 0.68305 0.021392
v -0.794179 0.60362 0.020779
v -0.855968 0.496598 0.02038
v -0.877426 0.374896 0.020241

# 840 Texture Coordinates
vt 0.416016 0.496642
vt 0.403472 0.669124
vt 0.403472 0.669124
vt 0.403472 0.669124
vt 0.416016 0.496642
vt 0.416016 0.496642
vt 0.403472 0.669124
vt 0.367352 0.820802
vt 0.367352 0.820802
vt 0.367352 0.820802
vt 0.403472 0.669124
vt 0.403472 0.669124
vt 0.367352 0.820802
vt 0.312012 0.933381
vt 0.312012 0.933381
vt 0.312012 0.933381
vt 0.367352 0.820802
vt 0.367352 0.820802
vt 0.312012 0.933381
vt 0.244128 0.993284
vt 0.244128 0.993284
vt 0.244128 0.993284
vt 0.312012 0.933381
vt 0.312012 0.933381
vt 0.244128 0.993284
vt 0.171888 0.993284
vt 0.171888 0.993284
vt 0.171888 0.993284
vt 0.244128 0.993284
vt 0.244128 0.993284
vt 0.171888 0.993284
vt 0.104004 0.933381
vt 0.104004 0.933381
vt 0.104004 0.933381
vt 0.171888 0.993284
vt 0.171888 0.993284
vt 0.104004 0.933381
vt 0.048665 0.820802
vt 0.048665 0.820802
vt 0.048665 0.820802
vt 0.104004 0.933381
vt 0.104004 0.933381
vt 0.048665 0.820802
vt 0.012544 0.669124
vt 0.012544 0.669124
vt 0.012544 0.669124
vt 0.048665 0.820802
vt 0.048665 0.820802
vt 0.012544 0.669124
vt 0.0 0.496642
vt 0.0 0.496642
vt 0.0 0.496642
vt 0.012544 0.669124
vt 0.012544 0.669124
vt 0.0 0.496642
vt 0.012544 0.32416
vt 0.012544 0.32416
vt 0.012544 0.32416
vt 0.0 0.496642
vt 0.0 0.496642
vt 0.012544 0.32416
vt 0.048665 0.172482
vt 0.048665 0.172482
vt 0.048665 0.172482
vt 0.012544 0.32416
vt 0.012544 0.32416
vt 0.048665 0.172482
vt 0.104004 0.059902
vt 0.104004 0.059902
vt 0.104004 0.059902
vt 0.048665 0.172482
vt 0.048665 0.172482
vt 0.104004 0.059902
vt 0.171888 0.0
vt 0.171888 0.0
vt 0.171888 0.0
vt 0.104004 0.059902
vt 0.104004 0.059902
vt 0.171888 0.0
vt 0.244128 0.0
vt 0.244128 0.0
vt 0.244128 0.0
vt 0.171888 0.0
vt 0.171888 0.0
vt 0.244128 0.0
vt 0.312012 0.059902
vt 0.312012 0.059902
vt 0.312012 0.059902
vt 0.244128 0.0
vt 0.244128 0.0
vt 0.312012 0.059902
vt 0.367352 0.172482
vt 0.367352 0.172482
vt 0.367352 0.172482
vt 0.312012 0.059902
vt 0.312012 0.059902
vt 0.367352 0.172482
vt 0.403472 0.32416
vt 0.403472 0.32416
vt 0.403472 0.32416
vt 0.367352 0.172482
vt 0.367352 0.172482
vt 0.403472 0.32416
vt 0.416016 0.496642
vt 0.416016 0.496642
vt 0.416016 0.496642
vt 0.403472 0.32416
vt 0.403472 0.32416
vt 0.357009 0.193522
vt 0.305262 0.08825
vt 0.241784 0.032235
vt 0.241784 0.032235
vt 0.174232 0.032235
vt 0.110755 0.08825
vt 0.110755 0.08825
vt 0.059007 0.193522
vt 0.025231 0.335355
vt 0.241784 0.032235
vt 0.110755 0.08825
vt 0.025231 0.335355
vt 0.025231 0.335355
vt 0.013501 0.496642
vt 0.025231 0.657929
vt 0.025231 0.657929
vt 0.059007 0.799762
vt 0.110755 0.905034
vt 0.025231 0.335355
vt 0.025231 0.657929
vt 0.110755 0.905034
vt 0.110755 0.905034
vt 0.174232 0.961048
vt 0.241784 0.961048
vt 0.241784 0.961048
vt 0.305262 0.905034
vt 0.357009 0.799762
vt 0.110755 0.905034
vt 0.241784 0.961048
vt 0.357009 0.799762
vt 0.025231 0.335355
vt 0.110755 0.905034
vt 0.357009 0.799762
vt 0.241784 0.032235
vt 0.025231 0.335355
vt 0.357009 0.799762
vt 0.357009 0.799762
vt 0.390785 0.657929
vt 0.402515 0.496642
vt 0.241784 0.032235
vt 0.357009 0.799762
vt 0.402515 0.496642
vt 0.357009 0.193522
vt 0.241784 0.032235
vt 0.402515 0.496642
vt 0.390785 0.335355
vt 0.357009 0.193522
vt 0.402515 0.496642
vt 0.390785 0.657929
vt 0.357009 0.799762
vt 0.305262 0.905034
vt 0.305262 0.905034
vt 0.241784 0.961048
vt 0.174232 0.961048
vt 0.174232 0.961048
vt 0.110755 0.905034
vt 0.059007 0.799762
vt 0.305262 0.905034
vt 0.174232 0.961048
vt 0.059007 0.799762
vt 0.059007 0.799762
vt 0.025231 0.657929
vt 0.013501 0.496642
vt 0.013501 0.496642
vt 0.025231 0.335355
vt 0.059007 0.193522
vt 0.059007 0.799762
vt 0.013501 0.496642
vt 0.059007 0.193522
vt 0.059007 0.193522
vt 0.110755 0.08825
vt 0.174232 0.032235
vt 0.174232 0.032235
vt 0.241784 0.032235
vt 0.305262 0.08825
vt 0.059007 0.193522
vt 0.174232 0.032235
vt 0.305262 0.08825
vt 0.059007 0.799762
vt 0.059007 0.193522
vt 0.305262 0.08825
vt 0.305262 0.905034
vt 0.059007 0.799762
vt 0.305262 0.08825
vt 0.305262 0.08825
vt 0.357009 0.193522
vt 0.390785 0.335355
vt 0.305262 0.905034
vt 0.305262 0.08825
vt 0.390785 0.335355
vt 0.390785 0.657929
vt 0.305262 0.905034
vt 0.390785 0.335355
vt 0.402515 0.496642
vt 0.390785 0.657929
vt 0.390785 0.335355
vt 1.0 0.503358
vt 0.987455 0.67584
vt 0.987455 0.67584
vt 0.987455 0.67584
vt 1.0 0.503358
vt 1.0 0.503358
vt 0.987455 0.67584
vt 0.951335 0.827518
vt 0.951335 0.827518
vt 0.951335 0.827518
vt 0.987455 0.67584
vt 0.987455 0.67584
vt 0.951335 0.827518
vt 0.895996 0.940098
vt 0.895996 0.940098
vt 0.895996 0.940098
vt 0.951335 0.827518
vt 0.951335 0.827518
vt 0.895996 0.940098
vt 0.828112 1.0
vt 0.828112 1.0
vt 0.828112 1.0
vt 0.895996 0.940098
vt 0.895996 0.940098
vt 0.828112 1.0
vt 0.755872 1.0
vt 0.755872 1.0
vt 0.755872 1.0
vt 0.828112 1.0
vt 0.828112 1.0
vt 0.755872 1.0
vt 0.687988 0.940098
vt 0.687988 0.940098
vt 0.687988 0.940098
vt 0.755872 1.0
vt 0.755872 1.0
vt 0.687988 0.940098
vt 0.632648 0.827518
vt 0.632648 0.827518
vt 0.632648 0.827518
vt 0.687988 0.940098
vt 0.687988 0.940098
vt 0.632648 0.827518
vt 0.596528 0.67584
vt 0.596528 0.67584
vt 0.596528 0.67584
vt 0.632648 0.827518
vt 0.632648 0.827518
vt 0.596528 0.67584
vt 0.583984 0.503358
vt 0.583984 0.503358
vt 0.583984 0.503358
vt 0.596528 0.67584
vt 0.596528 0.67584
vt 0.583984 0.503358
vt 0.596528 0.330876
vt 0.596528 0.330876
vt 0.596528 0.330876
vt 0.583984 0.503358
vt 0.583984 0.503358
vt 0.596528 0.330876
vt 0.632648 0.179198
vt 0.632648 0.179198
vt 0.632648 0.179198
vt 0.596528 0.330876
vt 0.596528 0.330876
vt 0.632648 0.179198
vt 0.687988 0.066619
vt 0.687988 0.066619
vt 0.687988 0.066619
vt 0.632648 0.179198
vt 0.632648 0.179198
vt 0.687988 0.066619
vt 0.755872 0.006716
vt 0.755872 0.006716
vt 0.755872 0.006716
vt 0.687988 0.066619
vt 0.687988 0.066619
vt 0.755872 0.006716
vt 0.828112 0.006716
vt 0.828112 0.006716
vt 0.828112 0.006716
vt 0.755872 0.006716
vt 0.755872 0.006716
vt 0.828112 0.006716
vt 0.895996 0.066619
vt 0.895996 0.066619
vt 0.895996 0.066619
vt 0.828112 0.006716
vt 0.828112 0.006716
vt 0.895996 0.066619
vt 0.951335 0.179198
vt 0.951335 0.179198
vt 0.951335 0.179198
vt 0.895996 0.066619
vt 0.895996 0.066619
vt 0.951335 0.179198
vt 0.987455 0.330876
vt 0.987455 0.330876
vt 0.987455 0.330876
vt 0.951335 0.179198
vt 0.951335 0.179198
vt 0.987455 0.330876
vt 1.0 0.503358
vt 1.0 0.503358
vt 1.0 0.503358
vt 0.987455 0.330876
vt 0.987455 0.330876
vt 0.940993 0.200238
vt 0.889245 0.094966
vt 0.825767 0.038952
vt 0.825767 0.038952
vt 0.758216 0.038952
vt 0.694738 0.094966
vt 0.694738 0.094966
vt 0.642991 0.200238
vt 0.609215 0.342072
vt 0.825767 0.038952
vt 0.694738 0.094966
vt 0.609215 0.342072
vt 0.609215 0.342072
vt 0.597485 0.503358
vt 0.609215 0.664645
vt 0.609215 0.664645
vt 0.642991 0.806478
vt 0.694738 0.91175
vt 0.609215 0.342072
vt 0.609215 0.664645
vt 0.694738 0.91175
vt 0.694738 0.91175
vt 0.758216 0.967765
vt 0.825768 0.967765
vt 0.825768 0.967765
vt 0.889245 0.91175
vt 0.940993 0.806478
vt 0.694738 0.91175
vt 0.825768 0.967765
vt 0.940993 0.806478
vt 0.609215 0.342072
vt 0.694738 0.91175
vt 0.940993 0.806478
vt 0.825767 0.038952
vt 0.609215 0.342072
vt 0.940993 0.806478
vt 0.940993 0.806478
vt 0.974769 0.664645
vt 0.986499 0.503358
vt 0.825767 0.038952
vt 0.940993 0.806478
vt 0.986499 0.503358
vt 0.940993 0.200238
vt 0.825767 0.038952
vt 0.986499 0.503358
vt 0.974769 0.342071
vt 0.940993 0.200238
vt 0.986499 0.503358
vt 0.974769 0.664645
vt 0.940993 0.806478
vt 0.889245 0.91175
vt 0.889245 0.91175
vt 0.825768 0.967765
vt 0.758216 0.967765
vt 0.758216 0.967765
vt 0.694738 0.91175
vt 0.642991 0.806478
vt 0.889245 0.91175
vt 0.758216 0.967765
vt 0.642991 0.806478
vt 0.642991 0.806478
vt 0.609215 0.664645
vt 0.597485 0.503358
vt 0.597485 0.503358
vt 0.609215 0.342072
vt 0.642991 0.200238
vt 0.642991 0.806478
vt 0.597485 0.503358
vt 0.642991 0.200238
vt 0.642991 0.200238
vt 0.694738 0.094966
vt 0.758216 0.038952
vt 0.758216 0.038952
vt 0.825767 0.038952
vt 0.889245 0.094966
vt 0.642991 0.200238
vt 0.758216 0.038952
vt 0.889245 0.094966
vt 0.642991 0.806478
vt 0.642991 0.200238
vt 0.889245 0.094966
vt 0.889245 0.91175
vt 0.642991 0.806478
vt 0.889245 0.094966
vt 0.889245 0.094966
vt 0.940993 0.200238
vt 0.974769 0.342071
vt 0.889245 0.91175
vt 0.889245 0.094966
vt 0.974769 0.342071
vt 0.974769 0.664645
vt 0.889245 0.91175
vt 0.974769 0.342071
vt 0.986499 0.503358
vt 0.974769 0.664645
vt 0.974769 0.342071
vt 0.403472 0.669124
vt 0.390785 0.657929
vt 0.402515 0.496642
vt 0.402515 0.496642
vt 0.416016 0.496642
vt 0.403472 0.669124
vt 0.367352 0.820802
vt 0.357009 0.799762
vt 0.390785 0.657929
vt 0.390785 0.657929
vt 0.403472 0.669124
vt 0.367352 0.820802
vt 0.312012 0.933381
vt 0.305262 0.905034
vt 0.357009 0.799762
vt 0.357009 0.799762
vt 0.367352 0.820802
vt 0.312012 0.933381
vt 0.244128 0.993284
vt 0.241784 0.961048
vt 0.305262 0.905034
vt 0.305262 0.905034
vt 0.312012 0.933381
vt 0.244128 0.993284
vt 0.171888 0.993284
vt 0.174232 0.961048
vt 0.241784 0.961048
vt 0.241784 0.961048
vt 0.244128 0.993284
vt 0.171888 0.993284
vt 0.104004 0.933381
vt 0.110755 0.905034
vt 0.174232 0.961048
vt 0.174232 0.961048
vt 0.171888 0.993284
vt 0.104004 0.933381
vt 0.048665 0.820802
vt 0.059007 0.799762
vt 0.110755 0.905034
vt 0.110755 0.905034
vt 0.104004 0.933381
vt 0.048665 0.820802
vt 0.012544 0.669124
vt 0.025231 0.657929
vt 0.059007 0.799762
vt 0.059007 0.799762
vt 0.048665 0.820802
vt 0.012544 0.669124
vt 0.0 0.496642
vt 0.013501 0.496642
vt 0.025231 0.657929
vt 0.025231 0.657929
vt 0.012544 0.669124
vt 0.0 0.496642
vt 0.012544 0.32416
vt 0.025231 0.335355
vt 0.013501 0.496642
vt 0.013501 0.496642
vt 0.0 0.496642
vt 0.012544 0.32416
vt 0.048665 0.172482
vt 0.059007 0.193522
vt 0.025231 0.335355
vt 0.025231 0.335355
vt 0.012544 0.32416
vt 0.048665 0.172482
vt 0.104004 0.059902
vt 0.110755 0.08825
vt 0.059007 0.193522
vt 0.059007 0.193522
vt 0.048665 0.172482
vt 0.104004 0.059902
vt 0.171888 0.0
vt 0.174232 0.032235
vt 0.110755 0.08825
vt 0.110755 0.08825
vt 0.104004 0.059902
vt 0.171888 0.0
vt 0.244128 0.0
vt 0.241784 0.032235
vt 0.174232 0.032235
vt 0.174232 0.032235
vt 0.171888 0.0
vt 0.244128 0.0
vt 0.312012 0.059902
vt 0.305262 0.08825
vt 0.241784 0.032235
vt 0.241784 0.032235
vt 0.244128 0.0
vt 0.312012 0.059902
vt 0.367352 0.172482
vt 0.357009 0.193522
vt 0.305262 0.08825
vt 0.305262 0.08825
vt 0.312012 0.059902
vt 0.367352 0.172482
vt 0.403472 0.32416
vt 0.390785 0.335355
vt 0.357009 0.193522
vt 0.357009 0.193522
vt 0.367352 0.172482
vt 0.403472 0.32416
vt 0.416016 0.496642
vt 0.402515 0.496642
vt 0.390785 0.335355
vt 0.390785 0.335355
vt 0.403472 0.32416
vt 0.416016 0.496642
vt 0.987455 0.67584
vt 0.974769 0.664645
vt 0.986499 0.503358
vt 0.986499 0.503358
vt 1.0 0.503358
vt 0.987455 0.67584
vt 0.951335 0.827518
vt 0.940993 0.806478
vt 0.974769 0.664645
vt 0.974769 0.664645
vt 0.987455 0.67584
vt 0.951335 0.827518
vt 0.895996 0.940098
vt 0.889245 0.91175
vt 0.940993 0.806478
vt 0.940993 0.806478
vt 0.951335 0.827518
vt 0.895996 0.940098
vt 0.828112 1.0
vt 0.825768 0.967765
vt 0.889245 0.91175
vt 0.889245 0.91175
vt 0.895996 0.940098
vt 0.828112 1.0
vt 0.755872 1.0
vt 0.758216 0.967765
vt 0.825768 0.967765
vt 0.825768 0.967765
vt 0.828112 1.0
vt 0.755872 1.0
vt 0.687988 0.940098
vt 0.694738 0.91175
vt 0.758216 0.967765
vt 0.758216 0.967765
vt 0.755872 1.0
vt 0.687988 0.940098
vt 0.632648 0.827518
vt 0.642991 0.806478
vt 0.694738 0.91175
vt 0.694738 0.91175
vt 0.687988 0.940098
vt 0.632648 0.827518
vt 0.596528 0.67584
vt 0.609215 0.664645
vt 0.642991 0.806478
vt 0.642991 0.806478
vt 0.632648 0.827518
vt 0.596528 0.67584
vt 0.583984 0.503358
vt 0.597485 0.503358
vt 0.609215 0.664645
vt 0.609215 0.664645
vt 0.596528 0.67584
vt 0.583984 0.503358
vt 0.596528 0.330876
vt 0.609215 0.342072
vt 0.597485 0.503358
vt 0.597485 0.503358
vt 0.583984 0.503358
vt 0.596528 0.330876
vt 0.632648 0.179198
vt 0.642991 0.200238
vt 0.609215 0.342072
vt 0.609215 0.342072
vt 0.596528 0.330876
vt 0.632648 0.179198
vt 0.687988 0.066619
vt 0.694738 0.094966
vt 0.642991 0.200238
vt 0.642991 0.200238
vt 0.632648 0.179198
vt 0.687988 0.066619
vt 0.755872 0.006716
vt 0.758216 0.038952
vt 0.694738 0.094966
vt 0.694738 0.094966
vt 0.687988 0.066619
vt 0.755872 0.006716
vt 0.828112 0.006716
vt 0.825767 0.038952
vt 0.758216 0.038952
vt 0.758216 0.038952
vt 0.755872 0.006716
vt 0.828112 0.006716
vt 0.895996 0.066619
vt 0.889245 0.094966
vt 0.825767 0.038952
vt 0.825767 0.038952
vt 0.828112 0.006716
vt 0.895996 0.066619
vt 0.951335 0.179198
vt 0.940993 0.200238
vt 0.889245 0.094966
vt 0.889245 0.094966
vt 0.895996 0.066619
vt 0.951335 0.179198
vt 0.987455 0.330876
vt 0.974769 0.342071
vt 0.940993 0.200238
vt 0.940993 0.200238
vt 0.951335 0.179198
vt 0.987455 0.330876
vt 1.0 0.503358
vt 0.986499 0.503358
vt 0.974769 0.342071
vt 0.974769 0.342071
vt 0.987455 0.330876
vt 1.0 0.503358
vt 0.416016 0.496642
vt 0.402515 0.496642
vt 0.390785 0.657929
vt 0.390785 0.657929
vt 0.403472 0.669124
vt 0.416016 0.496642
vt 0.403472 0.669124
vt 0.390785 0.657929
vt 0.357009 0.799762
vt 0.357009 0.799762
vt 0.367352 0.820802
vt 0.403472 0.669124
vt 0.367352 0.820802
vt 0.357009 0.799762
vt 0.305262 0.905034
vt 0.305262 0.905034
vt 0.312012 0.933381
vt 0.367352 0.820802
vt 0.312012 0.933381
vt 0.305262 0.905034
vt 0.241784 0.961048
vt 0.241784 0.961048
vt 0.244128 0.993284
vt 0.312012 0.933381
vt 0.244128 0.993284
vt 0.241784 0.961048
vt 0.174232 0.961048
vt 0.174232 0.961048
vt 0.171888 0.993284
vt 0.244128 0.993284
vt 0.171888 0.993284
vt 0.174232 0.961048
vt 0.110755 0.905034
vt 0.110755 0.905034
vt 0.104004 0.933381
vt 0.171888 0.993284
vt 0.104004 0.933381
vt 0.110755 0.905034
vt 0.059007 0.799762
vt 0.059007 0.799762
vt 0.048665 0.820802
vt 0.104004 0.933381
vt 0.048665 0.820802
vt 0.059007 0.799762
vt 0.025231 0.657929
vt 0.025231 0.657929
vt 0.012544 0.669124
vt 0.048665 0.820802
vt 0.012544 0.669124
vt 0.025231 0.657929
vt 0.013501 0.496642
vt 0.013501 0.496642
vt 0.0 0.496642
vt 0.012544 0.669124
vt 0.0 0.496642
vt 0.013501 0.496642
vt 0.025231 0.335355
vt 0.025231 0.335355
vt 0.012544 0.32416
vt 0.0 0.496642
vt 0.012544 0.32416
vt 0.025231 0.335355
vt 0.059007 0.193522
vt 0.059007 0.193522
vt 0.048665 0.172482
vt 0.012544 0.32416
vt 0.048665 0.172482
vt 0.059007 0.193522
vt 0.110755 0.08825
vt 0.110755 0.08825
vt 0.104004 0.059902
vt 0.048665 0.172482
vt 0.104004 0.059902
vt 0.110755 0.08825
vt 0.174232 0.032235
vt 0.174232 0.032235
vt 0.171888 0.0
vt 0.104004 0.059902
vt 0.171888 0.0
vt 0.174232 0.032235
vt 0.241784 0.032235
vt 0.241784 0.032235
vt 0.244128 0.0
vt 0.171888 0.0
vt 0.244128 0.0
vt 0.241784 0.032235
vt 0.305262 0.08825
vt 0.305262 0.08825
vt 0.312012 0.059902
vt 0.244128 0.0
vt 0.312012 0.059902
vt 0.305262 0.08825
vt 0.357009 0.193522
vt 0.357009 0.193522
vt 0.367352 0.172482
vt 0.312012 0.059902
vt 0.367352 0.172482
vt 0.357009 0.193522
vt 0.390785 0.335355
vt 0.390785 0.335355
vt 0.403472 0.32416
vt 0.367352 0.172482
vt 0.403472 0.32416
vt 0.390785 0.335355
vt 0.402515 0.496642
vt 0.402515 0.496642
vt 0.416016 0.496642
vt 0.403472 0.32416
vt 1.0 0.503358
vt 0.986499 0.503358
vt 0.974769 0.664645
vt 0.974769 0.664645
vt 0.987455 0.67584
vt 1.0 0.503358
vt 0.987455 0.67584
vt 0.974769 0.664645
vt 0.940993 0.806478
vt 0.940993 0.806478
vt 0.951335 0.827518
vt 0.987455 0.67584
vt 0.951335 0.827518
vt 0.940993 0.806478
vt 0.889245 0.91175
vt 0.889245 0.91175
vt 0.895996 0.940098
vt 0.951335 0.827518
vt 0.895996 0.940098
vt 0.889245 0.91175
vt 0.825768 0.967765
vt 0.825768 0.967765
vt 0.828112 1.0
vt 0.895996 0.940098
vt 0.828112 1.0
vt 0.825768 0.967765
vt 0.758216 0.967765
vt 0.758216 0.967765
vt 0.755872 1.0
vt 0.828112 1.0
vt 0.755872 1.0
vt 0.758216 0.967765
vt 0.694738 0.91175
vt 0.694738 0.91175
vt 0.687988 0.940098
vt 0.755872 1.0
vt 0.687988 0.940098
vt 0.694738 0.91175
vt 0.642991 0.806478
vt 0.642991 0.806478
vt 0.632648 0.827518
vt 0.687988 0.940098
vt 0.632648 0.827518
vt 0.642991 0.806478
vt 0.609215 0.664645
vt 0.609215 0.664645
vt 0.596528 0.67584
vt 0.632648 0.827518
vt 0.596528 0.67584
vt 0.609215 0.664645
vt 0.597485 0.503358
vt 0.597485 0.503358
vt 0.583984 0.503358
vt 0.596528 0.67584
vt 0.583984 0.503358
vt 0.597485 0.503358
vt 0.609215 0.342072
vt 0.609215 0.342072
vt 0.596528 0.330876
vt 0.583984 0.503358
vt 0.596528 0.330876
vt 0.609215 0.342072
vt 0.642991 0.200238
vt 0.642991 0.200238
vt 0.632648 0.179198
vt 0.596528 0.330876
vt 0.632648 0.179198
vt 0.642991 0.200238
vt 0.694738 0.094966
vt 0.694738 0.094966
vt 0.687988 0.066619
vt 0.632648 0.179198
vt 0.687988 0.066619
vt 0.694738 0.094966
vt 0.758216 0.038952
vt 0.758216 0.038952
vt 0.755872 0.006716
vt 0.687988 0.066619
vt 0.755872 0.006716
vt 0.758216 0.038952
vt 0.825767 0.038952
vt 0.825767 0.038952
vt 0.828112 0.006716
vt 0.755872 0.006716
vt 0.828112 0.006716
vt 0.825767 0.038952
vt 0.889245 0.094966
vt 0.889245 0.094966
vt 0.895996 0.066619
vt 0.828112 0.006716
vt 0.895996 0.066619
vt 0.889245 0.094966
vt 0.940993 0.200238
vt 0.940993 0.200238
vt 0.951335 0.179198
vt 0.895996 0.066619
vt 0.951335 0.179198
vt 0.940993 0.200238
vt 0.974769 0.342071
vt 0.974769 0.342071
vt 0.987455 0.330876
vt 0.951335 0.179198
vt 0.987455 0.330876
vt 0.974769 0.342071
vt 0.986499 0.503358
vt 0.986499 0.503358
vt 1.0 0.503358
vt 0.987455 0.330876

# 840 Vertex Normals
vn -0.917897 -0.0541 -0.393115
vn -0.843881 -0.365647 -0.392641
vn -0.885893 -0.263972 0.381461
vn -0.885893 -0.263972 0.381461
vn -0.922902 0.0541 0.381216
vn -0.917897 -0.0541 -0.393115
vn -0.843881 -0.365647 -0.392641
vn -0.667806 -0.633064 -0.391492
vn -0.742344 -0.550189 0.382384
vn -0.742344 -0.550189 0.382384
vn -0.885893 -0.263972 0.381461
vn -0.843881 -0.365647 -0.392641
vn -0.667806 -0.633064 -0.391492
vn -0.410851 -0.824157 -0.389828
vn -0.50957 -0.770045 0.383887
vn -0.50957 -0.770045 0.383887
vn -0.742344 -0.550189 0.382384
vn -0.667806 -0.633064 -0.391492
vn -0.410851 -0.824157 -0.389828
vn -0.104043 -0.915837 -0.387838
vn -0.215598 -0.897045 0.385781
vn -0.215598 -0.897045 0.385781
vn -0.50957 -0.770045 0.383887
vn -0.410851 -0.824157 -0.389828
vn -0.104043 -0.915837 -0.387838
vn 0.215602 -0.897058 -0.385749
vn 0.104045 -0.915837 0.387838
vn 0.104045 -0.915837 0.387838
vn -0.215598 -0.897045 0.385781
vn -0.104043 -0.915837 -0.387838
vn 0.215602 -0.897058 -0.385749
vn 0.509558 -0.770076 -0.383841
vn 0.410845 -0.824177 0.389792
vn 0.410845 -0.824177 0.389792
vn 0.104045 -0.915837 0.387838
vn 0.215602 -0.897058 -0.385749
vn 0.509558 -0.770076 -0.383841
vn 0.74234 -0.550202 -0.382373
vn 0.667791 -0.633086 0.391481
vn 0.667791 -0.633086 0.391481
vn 0.410845 -0.824177 0.389792
vn 0.509558 -0.770076 -0.383841
vn 0.74234 -0.550202 -0.382373
vn 0.885898 -0.263975 -0.381448
vn 0.84388 -0.365645 0.392644
vn 0.84388 -0.365645 0.392644
vn 0.667791 -0.633086 0.391481
vn 0.74234 -0.550202 -0.382373
vn 0.885898 -0.263975 -0.381448
vn 0.922904 0.054101 -0.38121
vn 0.917891 -0.054101 0.393127
vn 0.917891 -0.054101 0.393127
vn 0.84388 -0.365645 0.392644
vn 0.885898 -0.263975 -0.381448
vn 0.922904 0.054101 -0.38121
vn 0.848894 0.365655 -0.381674
vn 0.880883 0.263978 0.392887
vn 0.880883 0.263978 0.392887
vn 0.917891 -0.054101 0.393127
vn 0.922904 0.054101 -0.38121
vn 0.848894 0.365655 -0.381674
vn 0.672807 0.633102 -0.38277
vn 0.737334 0.550212 0.391925
vn 0.737334 0.550212 0.391925
vn 0.880883 0.263978 0.392887
vn 0.848894 0.365655 -0.381674
vn 0.672807 0.633102 -0.38277
vn 0.415871 0.824172 -0.384437
vn 0.504559 0.770074 0.390393
vn 0.504559 0.770074 0.390393
vn 0.737334 0.550212 0.391925
vn 0.672807 0.633102 -0.38277
vn 0.415871 0.824172 -0.384437
vn 0.109061 0.915846 -0.386434
vn 0.210608 0.897053 0.38851
vn 0.210608 0.897053 0.38851
vn 0.504559 0.770074 0.390393
vn 0.415871 0.824172 -0.384437
vn 0.109061 0.915846 -0.386434
vn -0.210594 0.897057 -0.388509
vn -0.109052 0.915844 0.386441
vn -0.109052 0.915844 0.386441
vn 0.210608 0.897053 0.38851
vn 0.109061 0.915846 -0.386434
vn -0.210594 0.897057 -0.388509
vn -0.504567 0.770054 -0.390421
vn -0.415863 0.824155 0.384481
vn -0.415863 0.824155 0.384481
vn -0.109052 0.915844 0.386441
vn -0.210594 0.897057 -0.388509
vn -0.504567 0.770054 -0.390421
vn -0.737345 0.550204 -0.391916
vn -0.672816 0.633074 0.382801
vn -0.672816 0.633074 0.382801
vn -0.415863 0.824155 0.384481
vn -0.504567 0.770054 -0.390421
vn -0.737345 0.550204 -0.391916
vn -0.880887 0.263978 -0.392879
vn -0.848888 0.365654 0.381688
vn -0.848888 0.365654 0.381688
vn -0.672816 0.633074 0.382801
vn -0.737345 0.550204 -0.391916
vn -0.880887 0.263978 -0.392879
vn -0.917897 -0.0541 -0.393115
vn -0.922902 0.0541 0.381216
vn -0.922902 0.0541 0.381216
vn -0.848888 0.365654 0.381688
vn -0.880887 0.263978 -0.392879
vn -0.269013 0.259721 -0.927457
vn -0.244273 0.497757 -0.832207
vn -0.022574 0.247862 -0.968532
vn -0.022574 0.247862 -0.968532
vn 0.134088 0.541806 -0.829739
vn 0.214025 0.315944 -0.924323
vn 0.214025 0.315944 -0.924323
vn 0.452218 0.33231 -0.827689
vn 0.245322 0.071433 -0.966806
vn -0.022574 0.247862 -0.968532
vn 0.214025 0.315944 -0.924323
vn 0.245322 0.071433 -0.966806
vn 0.245322 0.071433 -0.966806
vn 0.561229 -0.032673 -0.827015
vn 0.3532 -0.149998 -0.923445
vn 0.3532 -0.149998 -0.923445
vn 0.410215 -0.382362 -0.827963
vn 0.132614 -0.252031 -0.958589
vn 0.245322 0.071433 -0.966806
vn 0.3532 -0.149998 -0.923445
vn 0.132614 -0.252031 -0.958589
vn 0.132614 -0.252031 -0.958589
vn 0.069725 -0.553131 -0.830171
vn -0.081431 -0.368002 -0.926252
vn -0.081431 -0.368002 -0.926252
vn -0.300865 -0.465061 -0.832585
vn -0.193948 -0.148889 -0.969647
vn 0.132614 -0.252031 -0.958589
vn -0.081431 -0.368002 -0.926252
vn -0.193948 -0.148889 -0.969647
vn 0.245322 0.071433 -0.966806
vn 0.132614 -0.252031 -0.958589
vn -0.193948 -0.148889 -0.969647
vn -0.022574 0.247862 -0.968532
vn 0.245322 0.071433 -0.966806
vn -0.193948 -0.148889 -0.969647
vn -0.193948 -0.148889 -0.969647
vn -0.528132 -0.15942 -0.834063
vn -0.316777 0.018979 -0.94831
vn -0.022574 0.247862 -0.968532
vn -0.193948 -0.148889 -0.969647
vn -0.316777 0.018979 -0.94831
vn -0.269013 0.259721 -0.927457
vn -0.022574 0.247862 -0.968532
vn -0.316777 0.018979 -0.94831
vn -0.505798 0.220836 -0.833906
vn -0.269013 0.259721 -0.927457
vn -0.316777 0.018979 -0.94831
vn -0.353185 -0.149994 0.923451
vn -0.410191 -0.382321 0.827994
vn -0.118123 -0.223026 0.967629
vn -0.118123 -0.223026 0.967629
vn -0.069721 -0.553105 0.830189
vn 0.081435 -0.368014 0.926247
vn 0.081435 -0.368014 0.926247
vn 0.300874 -0.465096 0.832562
vn 0.193946 -0.148886 0.969648
vn -0.118123 -0.223026 0.967629
vn 0.081435 -0.368014 0.926247
vn 0.193946 -0.148886 0.969648
vn 0.193946 -0.148886 0.969648
vn 0.528123 -0.159418 0.834069
vn 0.371572 0.022193 0.928139
vn 0.371572 0.022193 0.928139
vn 0.505793 0.220829 0.833911
vn 0.198771 0.193597 0.960734
vn 0.193946 -0.148886 0.969648
vn 0.371572 0.022193 0.928139
vn 0.198771 0.193597 0.960734
vn 0.198771 0.193597 0.960734
vn 0.244295 0.497781 0.832186
vn 0.037725 0.375726 0.925963
vn 0.037725 0.375726 0.925963
vn -0.134076 0.541781 0.829757
vn -0.143488 0.208392 0.967463
vn 0.198771 0.193597 0.960734
vn 0.037725 0.375726 0.925963
vn -0.143488 0.208392 0.967463
vn 0.193946 -0.148886 0.969648
vn 0.198771 0.193597 0.960734
vn -0.143488 0.208392 0.967463
vn -0.118123 -0.223026 0.967629
vn 0.193946 -0.148886 0.969648
vn -0.143488 0.208392 0.967463
vn -0.143488 0.208392 0.967463
vn -0.452204 0.332303 0.827699
vn -0.316027 0.092604 0.94422
vn -0.118123 -0.223026 0.967629
vn -0.143488 0.208392 0.967463
vn -0.316027 0.092604 0.94422
vn -0.353185 -0.149994 0.923451
vn -0.118123 -0.223026 0.967629
vn -0.316027 0.092604 0.94422
vn -0.56122 -0.032671 0.827022
vn -0.353185 -0.149994 0.923451
vn -0.316027 0.092604 0.94422
vn -0.917893 -0.054102 -0.393122
vn -0.843886 -0.365649 -0.392628
vn -0.885894 -0.263976 0.381456
vn -0.885894 -0.263976 0.381456
vn -0.922898 0.054101 0.381224
vn -0.917893 -0.054102 -0.393122
vn -0.843886 -0.365649 -0.392628
vn -0.667795 -0.63309 -0.391468
vn -0.74234 -0.5502 0.382376
vn -0.74234 -0.5502 0.382376
vn -0.885894 -0.263976 0.381456
vn -0.843886 -0.365649 -0.392628
vn -0.667795 -0.63309 -0.391468
vn -0.410848 -0.824178 -0.389787
vn -0.509557 -0.770072 0.383851
vn -0.509557 -0.770072 0.383851
vn -0.74234 -0.5502 0.382376
vn -0.667795 -0.63309 -0.391468
vn -0.410848 -0.824178 -0.389787
vn -0.104046 -0.915837 -0.387836
vn -0.215603 -0.897051 0.385766
vn -0.215603 -0.897051 0.385766
vn -0.509557 -0.770072 0.383851
vn -0.410848 -0.824178 -0.389787
vn -0.104046 -0.915837 -0.387836
vn 0.215598 -0.897046 -0.38578
vn 0.104042 -0.915829 0.387857
vn 0.104042 -0.915829 0.387857
vn -0.215603 -0.897051 0.385766
vn -0.104046 -0.915837 -0.387836
vn 0.215598 -0.897046 -0.38578
vn 0.509574 -0.770046 -0.383881
vn 0.410849 -0.82415 0.389846
vn 0.410849 -0.82415 0.389846
vn 0.104042 -0.915829 0.387857
vn 0.215598 -0.897046 -0.38578
vn 0.509574 -0.770046 -0.383881
vn 0.742348 -0.550193 -0.382371
vn 0.667804 -0.633061 0.3915
vn 0.667804 -0.633061 0.3915
vn 0.410849 -0.82415 0.389846
vn 0.509574 -0.770046 -0.383881
vn 0.742348 -0.550193 -0.382371
vn 0.885896 -0.263974 -0.381452
vn 0.843877 -0.365647 0.392649
vn 0.843877 -0.365647 0.392649
vn 0.667804 -0.633061 0.3915
vn 0.742348 -0.550193 -0.382371
vn 0.885896 -0.263974 -0.381452
vn 0.922905 0.0541 -0.381207
vn 0.917893 -0.0541 0.393124
vn 0.917893 -0.0541 0.393124
vn 0.843877 -0.365647 0.392649
vn 0.885896 -0.263974 -0.381452
vn 0.922905 0.0541 -0.381207
vn 0.848892 0.365638 -0.381696
vn 0.880885 0.263968 0.39289
vn 0.880885 0.263968 0.39289
vn 0.917893 -0.0541 0.393124
vn 0.922905 0.0541 -0.381207
vn 0.848892 0.365638 -0.381696
vn 0.672794 0.633076 -0.382836
vn 0.737327 0.55019 0.391969
vn 0.737327 0.55019 0.391969
vn 0.880885 0.263968 0.39289
vn 0.848892 0.365638 -0.381696
vn 0.672794 0.633076 -0.382836
vn 0.41585 0.824164 -0.384476
vn 0.504535 0.770056 0.390458
vn 0.504535 0.770056 0.390458
vn 0.737327 0.55019 0.391969
vn 0.672794 0.633076 -0.382836
vn 0.41585 0.824164 -0.384476
vn 0.109053 0.915848 -0.386431
vn 0.210593 0.897051 0.388522
vn 0.210593 0.897051 0.388522
vn 0.504535 0.770056 0.390458
vn 0.41585 0.824164 -0.384476
vn 0.109053 0.915848 -0.386431
vn -0.2106 0.897064 -0.388489
vn -0.109055 0.915849 0.38643
vn -0.109055 0.915849 0.38643
vn 0.210593 0.897051 0.388522
vn 0.109053 0.915848 -0.386431
vn -0.2106 0.897064 -0.388489
vn -0.504524 0.770089 -0.390409
vn -0.415845 0.824185 0.384437
vn -0.415845 0.824185 0.384437
vn -0.109055 0.915849 0.38643
vn -0.2106 0.897064 -0.388489
vn -0.504524 0.770089 -0.390409
vn -0.737326 0.550203 -0.391953
vn -0.672779 0.633099 0.382824
vn -0.672779 0.633099 0.382824
vn -0.415845 0.824185 0.384437
vn -0.504524 0.770089 -0.390409
vn -0.737326 0.550203 -0.391953
vn -0.880892 0.263972 -0.392872
vn -0.848894 0.365637 0.381691
vn -0.848894 0.365637 0.381691
vn -0.672779 0.633099 0.382824
vn -0.737326 0.550203 -0.391953
vn -0.880892 0.263972 -0.392872
vn -0.917893 -0.054102 -0.393122
vn -0.922898 0.054101 0.381224
vn -0.922898 0.054101 0.381224
vn -0.848894 0.365637 0.381691
vn -0.880892 0.263972 -0.392872
vn -0.268987 0.259722 -0.927464
vn -0.244304 0.497809 -0.832167
vn -0.022577 0.247868 -0.968531
vn -0.022577 0.247868 -0.968531
vn 0.134079 0.541789 -0.829751
vn 0.21399 0.315891 -0.924349
vn 0.21399 0.315891 -0.924349
vn 0.452174 0.332269 -0.827729
vn 0.24532 0.071433 -0.966807
vn -0.022577 0.247868 -0.968531
vn 0.21399 0.315891 -0.924349
vn 0.24532 0.071433 -0.966807
vn 0.24532 0.071433 -0.966807
vn 0.561233 -0.032671 -0.827013
vn 0.353195 -0.149999 -0.923447
vn 0.353195 -0.149999 -0.923447
vn 0.410203 -0.382331 -0.827984
vn 0.132595 -0.251998 -0.958601
vn 0.24532 0.071433 -0.966807
vn 0.353195 -0.149999 -0.923447
vn 0.132595 -0.251998 -0.958601
vn 0.132595 -0.251998 -0.958601
vn 0.069721 -0.553105 -0.830189
vn -0.081437 -0.368016 -0.926246
vn -0.081437 -0.368016 -0.926246
vn -0.300882 -0.465107 -0.832553
vn -0.193953 -0.148892 -0.969646
vn 0.132595 -0.251998 -0.958601
vn -0.081437 -0.368016 -0.926246
vn -0.193953 -0.148892 -0.969646
vn 0.24532 0.071433 -0.966807
vn 0.132595 -0.251998 -0.958601
vn -0.193953 -0.148892 -0.969646
vn -0.022577 0.247868 -0.968531
vn 0.24532 0.071433 -0.966807
vn -0.193953 -0.148892 -0.969646
vn -0.193953 -0.148892 -0.969646
vn -0.528138 -0.159423 -0.834059
vn -0.316772 0.018981 -0.948312
vn -0.022577 0.247868 -0.968531
vn -0.193953 -0.148892 -0.969646
vn -0.316772 0.018981 -0.948312
vn -0.268987 0.259722 -0.927464
vn -0.022577 0.247868 -0.968531
vn -0.316772 0.018981 -0.948312
vn -0.505797 0.220821 -0.833911
vn -0.268987 0.259722 -0.927464
vn -0.316772 0.018981 -0.948312
vn -0.353198 -0.149995 0.923446
vn -0.410208 -0.382356 0.827969
vn -0.118135 -0.223048 0.967623
vn -0.118135 -0.223048 0.967623
vn -0.069723 -0.553106 0.830188
vn 0.081427 -0.367984 0.92626
vn 0.081427 -0.367984 0.92626
vn 0.300856 -0.465046 0.832597
vn 0.193945 -0.148888 0.969648
vn -0.118135 -0.223048 0.967623
vn 0.081427 -0.367984 0.92626
vn 0.193945 -0.148888 0.969648
vn 0.193945 -0.148888 0.969648
vn 0.52812 -0.159416 0.834072
vn 0.371575 0.022192 0.928138
vn 0.371575 0.022192 0.928138
vn 0.505766 0.220814 0.833932
vn 0.198737 0.193564 0.960748
vn 0.193945 -0.148888 0.969648
vn 0.371575 0.022192 0.928138
vn 0.198737 0.193564 0.960748
vn 0.198737 0.193564 0.960748
vn 0.244265 0.497738 0.832221
vn 0.037728 0.375727 0.925962
vn 0.037728 0.375727 0.925962
vn -0.134087 0.541808 0.829738
vn -0.143482 0.208402 0.967461
vn 0.198737 0.193564 0.960748
vn 0.037728 0.375727 0.925962
vn -0.143482 0.208402 0.967461
vn 0.193945 -0.148888 0.969648
vn 0.198737 0.193564 0.960748
vn -0.143482 0.208402 0.967461
vn -0.118135 -0.223048 0.967623
vn 0.193945 -0.148888 0.969648
vn -0.143482 0.208402 0.967461
vn -0.143482 0.208402 0.967461
vn -0.452173 0.332264 0.827732
vn -0.31603 0.092607 0.944219
vn -0.118135 -0.223048 0.967623
vn -0.143482 0.208402 0.967461
vn -0.31603 0.092607 0.944219
vn -0.353198 -0.149995 0.923446
vn -0.118135 -0.223048 0.967623
vn -0.31603 0.092607 0.944219
vn -0.561212 -0.032675 0.827027
vn -0.353198 -0.149995 0.923446
vn -0.31603 0.092607 0.944219
vn -0.885893 -0.263972 0.381461
vn -0.353185 -0.149994 0.923451
vn -0.56122 -0.032671 0.827022
vn -0.56122 -0.032671 0.827022
vn -0.922902 0.0541 0.381216
vn -0.885893 -0.263972 0.381461
vn -0.742344 -0.550189 0.382384
vn -0.410191 -0.382321 0.827994
vn -0.353185 -0.149994 0.923451
vn -0.353185 -0.149994 0.923451
vn -0.885893 -0.263972 0.381461
vn -0.742344 -0.550189 0.382384
vn -0.50957 -0.770045 0.383887
vn -0.118123 -0.223026 0.967629
vn -0.410191 -0.382321 0.827994
vn -0.410191 -0.382321 0.827994
vn -0.742344 -0.550189 0.382384
vn -0.50957 -0.770045 0.383887
vn -0.215598 -0.897045 0.385781
vn -0.069721 -0.553105 0.830189
vn -0.118123 -0.223026 0.967629
vn -0.118123 -0.223026 0.967629
vn -0.50957 -0.770045 0.383887
vn -0.215598 -0.897045 0.385781
vn 0.104045 -0.915837 0.387838
vn 0.081435 -0.368014 0.926247
vn -0.069721 -0.553105 0.830189
vn -0.069721 -0.553105 0.830189
vn -0.215598 -0.897045 0.385781
vn 0.104045 -0.915837 0.387838
vn 0.410845 -0.824177 0.389792
vn 0.300874 -0.465096 0.832562
vn 0.081435 -0.368014 0.926247
vn 0.081435 -0.368014 0.926247
vn 0.104045 -0.915837 0.387838
vn 0.410845 -0.824177 0.389792
vn 0.667791 -0.633086 0.391481
vn 0.193946 -0.148886 0.969648
vn 0.300874 -0.465096 0.832562
vn 0.300874 -0.465096 0.832562
vn 0.410845 -0.824177 0.389792
vn 0.667791 -0.633086 0.391481
vn 0.84388 -0.365645 0.392644
vn 0.528123 -0.159418 0.834069
vn 0.193946 -0.148886 0.969648
vn 0.193946 -0.148886 0.969648
vn 0.667791 -0.633086 0.391481
vn 0.84388 -0.365645 0.392644
vn 0.917891 -0.054101 0.393127
vn 0.371572 0.022193 0.928139
vn 0.528123 -0.159418 0.834069
vn 0.528123 -0.159418 0.834069
vn 0.84388 -0.365645 0.392644
vn 0.917891 -0.054101 0.393127
vn 0.880883 0.263978 0.392887
vn 0.505793 0.220829 0.833911
vn 0.371572 0.022193 0.928139
vn 0.371572 0.022193 0.928139
vn 0.917891 -0.054101 0.393127
vn 0.880883 0.263978 0.392887
vn 0.737334 0.550212 0.391925
vn 0.198771 0.193597 0.960734
vn 0.505793 0.220829 0.833911
vn 0.505793 0.220829 0.833911
vn 0.880883 0.263978 0.392887
vn 0.737334 0.550212 0.391925
vn 0.504559 0.770074 0.390393
vn 0.244295 0.497781 0.832186
vn 0.198771 0.193597 0.960734
vn 0.198771 0.193597 0.960734
vn 0.737334 0.550212 0.391925
vn 0.504559 0.770074 0.390393
vn 0.210608 0.897053 0.38851
vn 0.037725 0.375726 0.925963
vn 0.244295 0.497781 0.832186
vn 0.244295 0.497781 0.832186
vn 0.504559 0.770074 0.390393
vn 0.210608 0.897053 0.38851
vn -0.109052 0.915844 0.386441
vn -0.134076 0.541781 0.829757
vn 0.037725 0.375726 0.925963
vn 0.037725 0.375726 0.925963
vn 0.210608 0.897053 0.38851
vn -0.109052 0.915844 0.386441
vn -0.415863 0.824155 0.384481
vn -0.143488 0.208392 0.967463
vn -0.134076 0.541781 0.829757
vn -0.134076 0.541781 0.829757
vn -0.109052 0.915844 0.386441
vn -0.415863 0.824155 0.384481
vn -0.672816 0.633074 0.382801
vn -0.452204 0.332303 0.827699
vn -0.143488 0.208392 0.967463
vn -0.143488 0.208392 0.967463
vn -0.415863 0.824155 0.384481
vn -0.672816 0.633074 0.382801
vn -0.848888 0.365654 0.381688
vn -0.316027 0.092604 0.94422
vn -0.452204 0.332303 0.827699
vn -0.452204 0.332303 0.827699
vn -0.672816 0.633074 0.382801
vn -0.848888 0.365654 0.381688
vn -0.922902 0.0541 0.381216
vn -0.56122 -0.032671 0.827022
vn -0.316027 0.092604 0.94422
vn -0.316027 0.092604 0.94422
vn -0.848888 0.365654 0.381688
vn -0.922902 0.0541 0.381216
vn -0.885894 -0.263976 0.381456
vn -0.353198 -0.149995 0.923446
vn -0.561212 -0.032675 0.827027
vn -0.561212 -0.032675 0.827027
vn -0.922898 0.054101 0.381224
vn -0.885894 -0.263976 0.381456
vn -0.74234 -0.5502 0.382376
vn -0.410208 -0.382356 0.827969
vn -0.353198 -0.149995 0.923446
vn -0.353198 -0.149995 0.923446
vn -0.885894 -0.263976 0.381456
vn -0.74234 -0.5502 0.382376
vn -0.509557 -0.770072 0.383851
vn -0.118135 -0.223048 0.967623
vn -0.410208 -0.382356 0.827969
vn -0.410208 -0.382356 0.827969
vn -0.74234 -0.5502 0.382376
vn -0.509557 -0.770072 0.383851
vn -0.215603 -0.897051 0.385766
vn -0.069723 -0.553106 0.830188
vn -0.118135 -0.223048 0.967623
vn -0.118135 -0.223048 0.967623
vn -0.509557 -0.770072 0.383851
vn -0.215603 -0.897051 0.385766
vn 0.104042 -0.915829 0.387857
vn 0.081427 -0.367984 0.92626
vn -0.069723 -0.553106 0.830188
vn -0.069723 -0.553106 0.830188
vn -0.215603 -0.897051 0.385766
vn 0.104042 -0.915829 0.387857
vn 0.410849 -0.82415 0.389846
vn 0.300856 -0.465046 0.832597
vn 0.081427 -0.367984 0.92626
vn 0.081427 -0.367984 0.92626
vn 0.104042 -0.915829 0.387857
vn 0.410849 -0.82415 0.389846
vn 0.667804 -0.633061 0.3915
vn 0.193945 -0.148888 0.969648
vn 0.300856 -0.465046 0.832597
vn 0.300856 -0.465046 0.832597
vn 0.410849 -0.82415 0.389846
vn 0.667804 -0.633061 0.3915
vn 0.843877 -0.365647 0.392649
vn 0.52812 -0.159416 0.834072
vn 0.193945 -0.148888 0.969648
vn 0.193945 -0.148888 0.969648
vn 0.667804 -0.633061 0.3915
vn 0.843877 -0.365647 0.392649
vn 0.917893 -0.0541 0.393124
vn 0.371575 0.022192 0.928138
vn 0.52812 -0.159416 0.834072
vn 0.52812 -0.159416 0.834072
vn 0.843877 -0.365647 0.392649
vn 0.917893 -0.0541 0.393124
vn 0.880885 0.263968 0.39289
vn 0.505766 0.220814 0.833932
vn 0.371575 0.022192 0.928138
vn 0.371575 0.022192 0.928138
vn 0.917893 -0.0541 0.393124
vn 0.880885 0.263968 0.39289
vn 0.737327 0.55019 0.391969
vn 0.198737 0.193564 0.960748
vn 0.505766 0.220814 0.833932
vn 0.505766 0.220814 0.833932
vn 0.880885 0.263968 0.39289
vn 0.737327 0.55019 0.391969
vn 0.504535 0.770056 0.390458
vn 0.244265 0.497738 0.832221
vn 0.198737 0.193564 0.960748
vn 0.198737 0.193564 0.960748
vn 0.737327 0.55019 0.391969
vn 0.504535 0.770056 0.390458
vn 0.210593 0.897051 0.388522
vn 0.037728 0.375727 0.925962
vn 0.244265 0.497738 0.832221
vn 0.244265 0.497738 0.832221
vn 0.504535 0.770056 0.390458
vn 0.210593 0.897051 0.388522
vn -0.109055 0.915849 0.38643
vn -0.134087 0.541808 0.829738
vn 0.037728 0.375727 0.925962
vn 0.037728 0.375727 0.925962
vn 0.210593 0.897051 0.388522
vn -0.109055 0.915849 0.38643
vn -0.415845 0.824185 0.384437
vn -0.143482 0.208402 0.967461
vn -0.134087 0.541808 0.829738
vn -0.134087 0.541808 0.829738
vn -0.109055 0.915849 0.38643
vn -0.415845 0.824185 0.384437
vn -0.672779 0.633099 0.382824
vn -0.452173 0.332264 0.827732
vn -0.143482 0.208402 0.967461
vn -0.143482 0.208402 0.967461
vn -0.415845 0.824185 0.384437
vn -0.672779 0.633099 0.382824
vn -0.848894 0.365637 0.381691
vn -0.31603 0.092607 0.944219
vn -0.452173 0.332264 0.827732
vn -0.452173 0.332264 0.827732
vn -0.672779 0.633099 0.382824
vn -0.848894 0.365637 0.381691
vn -0.922898 0.054101 0.381224
vn -0.561212 -0.032675 0.827027
vn -0.31603 0.092607 0.944219
vn -0.31603 0.092607 0.944219
vn -0.848894 0.365637 0.381691
vn -0.922898 0.054101 0.381224
vn -0.917897 -0.0541 -0.393115
vn -0.316777 0.018979 -0.94831
vn -0.528132 -0.15942 -0.834063
vn -0.528132 -0.15942 -0.834063
vn -0.843881 -0.365647 -0.392641
vn -0.917897 -0.0541 -0.393115
vn -0.843881 -0.365647 -0.392641
vn -0.528132 -0.15942 -0.834063
vn -0.193948 -0.148889 -0.969647
vn -0.193948 -0.148889 -0.969647
vn -0.667806 -0.633064 -0.391492
vn -0.843881 -0.365647 -0.392641
vn -0.667806 -0.633064 -0.391492
vn -0.193948 -0.148889 -0.969647
vn -0.300865 -0.465061 -0.832585
vn -0.300865 -0.465061 -0.832585
vn -0.410851 -0.824157 -0.389828
vn -0.667806 -0.633064 -0.391492
vn -0.410851 -0.824157 -0.389828
vn -0.300865 -0.465061 -0.832585
vn -0.081431 -0.368002 -0.926252
vn -0.081431 -0.368002 -0.926252
vn -0.104043 -0.915837 -0.387838
vn -0.410851 -0.824157 -0.389828
vn -0.104043 -0.915837 -0.387838
vn -0.081431 -0.368002 -0.926252
vn 0.069725 -0.553131 -0.830171
vn 0.069725 -0.553131 -0.830171
vn 0.215602 -0.897058 -0.385749
vn -0.104043 -0.915837 -0.387838
vn 0.215602 -0.897058 -0.385749
vn 0.069725 -0.553131 -0.830171
vn 0.132614 -0.252031 -0.958589
vn 0.132614 -0.252031 -0.958589
vn 0.509558 -0.770076 -0.383841
vn 0.215602 -0.897058 -0.385749
vn 0.509558 -0.770076 -0.383841
vn 0.132614 -0.252031 -0.958589
vn 0.410215 -0.382362 -0.827963
vn 0.410215 -0.382362 -0.827963
vn 0.74234 -0.550202 -0.382373
vn 0.509558 -0.770076 -0.383841
vn 0.74234 -0.550202 -0.382373
vn 0.410215 -0.382362 -0.827963
vn 0.3532 -0.149998 -0.923445
vn 0.3532 -0.149998 -0.923445
vn 0.885898 -0.263975 -0.381448
vn 0.74234 -0.550202 -0.382373
vn 0.885898 -0.263975 -0.381448
vn 0.3532 -0.149998 -0.923445
vn 0.561229 -0.032673 -0.827015
vn 0.561229 -0.032673 -0.827015
vn 0.922904 0.054101 -0.38121
vn 0.885898 -0.263975 -0.381448
vn 0.922904 0.054101 -0.38121
vn 0.561229 -0.032673 -0.827015
vn 0.245322 0.071433 -0.966806
vn 0.245322 0.071433 -0.966806
vn 0.848894 0.365655 -0.381674
vn 0.922904 0.054101 -0.38121
vn 0.848894 0.365655 -0.381674
vn 0.245322 0.071433 -0.966806
vn 0.452218 0.33231 -0.827689
vn 0.452218 0.33231 -0.827689
vn 0.672807 0.633102 -0.38277
vn 0.848894 0.365655 -0.381674
vn 0.672807 0.633102 -0.38277
vn 0.452218 0.33231 -0.827689
vn 0.214025 0.315944 -0.924323
vn 0.214025 0.315944 -0.924323
vn 0.415871 0.824172 -0.384437
vn 0.672807 0.633102 -0.38277
vn 0.415871 0.824172 -0.384437
vn 0.214025 0.315944 -0.924323
vn 0.134088 0.541806 -0.829739
vn 0.134088 0.541806 -0.829739
vn 0.109061 0.915846 -0.386434
vn 0.415871 0.824172 -0.384437
vn 0.109061 0.915846 -0.386434
vn 0.134088 0.541806 -0.829739
vn -0.022574 0.247862 -0.968532
vn -0.022574 0.247862 -0.968532
vn -0.210594 0.897057 -0.388509
vn 0.109061 0.915846 -0.386434
vn -0.210594 0.897057 -0.388509
vn -0.022574 0.247862 -0.968532
vn -0.244273 0.497757 -0.832207
vn -0.244273 0.497757 -0.832207
vn -0.504567 0.770054 -0.390421
vn -0.210594 0.897057 -0.388509
vn -0.504567 0.770054 -0.390421
vn -0.244273 0.497757 -0.832207
vn -0.269013 0.259721 -0.927457
vn -0.269013 0.259721 -0.927457
vn -0.737345 0.550204 -0.391916
vn -0.504567 0.770054 -0.390421
vn -0.737345 0.550204 -0.391916
vn -0.269013 0.259721 -0.927457
vn -0.505798 0.220836 -0.833906
vn -0.505798 0.220836 -0.833906
vn -0.880887 0.263978 -0.392879
vn -0.737345 0.550204 -0.391916
vn -0.880887 0.263978 -0.392879
vn -0.505798 0.220836 -0.833906
vn -0.316777 0.018979 -0.94831
vn -0.316777 0.018979 -0.94831
vn -0.917897 -0.0541 -0.393115
vn -0.880887 0.263978 -0.392879
vn -0.917893 -0.054102 -0.393122
vn -0.316772 0.018981 -0.948312
vn -0.528138 -0.159423 -0.834059
vn -0.528138 -0.159423 -0.834059
vn -0.843886 -0.365649 -0.392628
vn -0.917893 -0.054102 -0.393122
vn -0.843886 -0.365649 -0.392628
vn -0.528138 -0.159423 -0.834059
vn -0.193953 -0.148892 -0.969646
vn -0.193953 -0.148892 -0.969646
vn -0.667795 -0.63309 -0.391468
vn -0.843886 -0.365649 -0.392628
vn -0.667795 -0.63309 -0.391468
vn -0.193953 -0.148892 -0.969646
vn -0.300882 -0.465107 -0.832553
vn -0.300882 -0.465107 -0.832553
vn -0.410848 -0.824178 -0.389787
vn -0.667795 -0.63309 -0.391468
vn -0.410848 -0.824178 -0.389787
vn -0.300882 -0.465107 -0.832553
vn -0.081437 -0.368016 -0.926246
vn -0.081437 -0.368016 -0.926246
vn -0.104046 -0.915837 -0.387836
vn -0.410848 -0.824178 -0.389787
vn -0.104046 -0.915837 -0.387836
vn -0.081437 -0.368016 -0.926246
vn 0.069721 -0.553105 -0.830189
vn 0.069721 -0.553105 -0.830189
vn 0.215598 -0.897046 -0.38578
vn -0.104046 -0.915837 -0.387836
vn 0.215598 -0.897046 -0.38578
vn 0.069721 -0.553105 -0.830189
vn 0.132595 -0.251998 -0.958601
vn 0.132595 -0.251998 -0.958601
vn 0.509574 -0.770046 -0.383881
vn 0.215598 -0.897046 -0.38578
vn 0.509574 -0.770046 -0.383881
vn 0.132595 -0.251998 -0.958601
vn 0.410203 -0.382331 -0.827984
vn 0.410203 -0.382331 -0.827984
vn 0.742348 -0.550193 -0.382371
vn 0.509574 -0.770046 -0.383881
vn 0.742348 -0.550193 -0.382371
vn 0.410203 -0.382331 -0.827984
vn 0.353195 -0.149999 -0.923447
vn 0.353195 -0.149999 -0.923447
vn 0.885896 -0.263974 -0.381452
vn 0.742348 -0.550193 -0.382371
vn 0.885896 -0.263974 -0.381452
vn 0.353195 -0.149999 -0.923447
vn 0.561233 -0.032671 -0.827013
vn 0.561233 -0.032671 -0.827013
vn 0.922905 0.0541 -0.381207
vn 0.885896 -0.263974 -0.381452
vn 0.922905 0.0541 -0.381207
vn 0.561233 -0.032671 -0.827013
vn 0.24532 0.071433 -0.966807
vn 0.24532 0.071433 -0.966807
vn 0.848892 0.365638 -0.381696
vn 0.922905 0.0541 -0.381207
vn 0.848892 0.365638 -0.381696
vn 0.24532 0.071433 -0.966807
vn 0.452174 0.332269 -0.827729
vn 0.452174 0.332269 -0.827729
vn 0.672794 0.633076 -0.382836
vn 0.848892 0.365638 -0.381696
vn 0.672794 0.633076 -0.382836
vn 0.452174 0.332269 -0.827729
vn 0.21399 0.315891 -0.924349
vn 0.21399 0.315891 -0.924349
vn 0.41585 0.824164 -0.384476
vn 0.672794 0.633076 -0.382836
vn 0.41585 0.824164 -0.384476
vn 0.21399 0.315891 -0.924349
vn 0.134079 0.541789 -0.829751
vn 0.134079 0.541789 -0.829751
vn 0.109053 0.915848 -0.386431
vn 0.41585 0.824164 -0.384476
vn 0.109053 0.915848 -0.386431
vn 0.134079 0.541789 -0.829751
vn -0.022577 0.247868 -0.968531
vn -0.022577 0.247868 -0.968531
vn -0.2106 0.897064 -0.388489
vn 0.109053 0.915848 -0.386431
vn -0.2106 0.897064 -0.388489
vn -0.022577 0.247868 -0.968531
vn -0.244304 0.497809 -0.832167
vn -0.244304 0.497809 -0.832167
vn -0.504524 0.770089 -0.390409
vn -0.2106 0.897064 -0.388489
vn -0.504524 0.770089 -0.390409
vn -0.244304 0.497809 -0.832167
vn -0.268987 0.259722 -0.927464
vn -0.268987 0.259722 -0.927464
vn -0.737326 0.550203 -0.391953
vn -0.504524 0.770089 -0.390409
vn -0.737326 0.550203 -0.391953
vn -0.268987 0.259722 -0.927464
vn -0.505797 0.220821 -0.833911
vn -0.505797 0.220821 -0.833911
vn -0.880892 0.263972 -0.392872
vn -0.737326 0.550203 -0.391953
vn -0.880892 0.263972 -0.392872
vn -0.505797 0.220821 -0.833911
vn -0.316772 0.018981 -0.948312
vn -0.316772 0.018981 -0.948312
vn -0.917893 -0.054102 -0.393122
vn -0.880892 0.263972 -0.392872

# MouseEars1, 280 grouped triangles

usemtl MouseEars1Mtl
o MouseEars1
g MouseEars1

f 1/1/1 2/2/2 3/3/3
f 3/4/4 4/5/5 1/6/6
f 2/7/7 5/8/8 6/9/9
f 6/10/10 3/11/11 2/12/12
f 5/13/13 7/14/14 8/15/15
f 8/16/16 6/17/17 5/18/18
f 7/19/19 9/20/20 10/21/21
f 10/22/22 8/23/23 7/24/24
f 9/25/25 11/26/26 12/27/27
f 12/28/28 10/29/29 9/30/30
f 11/31/31 13/32/32 14/33/33
f 14/34/34 12/35/35 11/36/36
f 13/37/37 15/38/38 16/39/39
f 16/40/40 14/41/41 13/42/42
f 15/43/43 17/44/44 18/45/45
f 18/46/46 16/47/47 15/48/48
f 17/49/49 19/50/50 20/51/51
f 20/52/52 18/53/53 17/54/54
f 19/55/55 21/56/56 22/57/57
f 22/58/58 20/59/59 19/60/60
f 21/61/61 23/62/62 24/63/63
f 24/64/64 22/65/65 21/66/66
f 23/67/67 25/68/68 26/69/69
f 26/70/70 24/71/71 23/72/72
f 25/73/73 27/74/74 28/75/75
f 28/76/76 26/77/77 25/78/78
f 27/79/79 29/80/80 30/81/81
f 30/82/82 28/83/83 27/84/84
f 29/85/85 31/86/86 32/87/87
f 32/88/88 30/89/89 29/90/90
f 31/91/91 33/92/92 34/93/93
f 34/94/94 32/95/95 31/96/96
f 33/97/97 35/98/98 36/99/99
f 36/100/100 34/101/101 33/102/102
f 35/103/103 1/104/104 4/105/105
f 4/106/106 36/107/107 35/108/108
f 37/109/109 38/110/110 39/111/111
f 39/112/112 40/113/113 41/114/114
f 41/115/115 42/116/116 43/117/117
f 39/118/118 41/119/119 43/120/120
f 43/121/121 44/122/122 45/123/123
f 45/124/124 46/125/125 47/126/126
f 43/127/127 45/128/128 47/129/129
f 47/130/130 48/131/131 49/132/132
f 49/133/133 50/134/134 51/135/135
f 47/136/136 49/137/137 51/138/138
f 43/139/139 47/140/140 51/141/141
f 39/142/142 43/143/143 51/144/144
f 51/145/145 52/146/146 53/147/147
f 39/148/148 51/149/149 53/150/150
f 37/151/151 39/152/152 53/153/153
f 54/154/154 37/155/155 53/156/156
f 55/157/157 56/158/158 57/159/159
f 57/160/160 58/161/161 59/162/162
f 59/163/163 60/164/164 61/165/165
f 57/166/166 59/167/167 61/168/168
f 61/169/169 62/170/170 63/171/171
f 63/172/172 64/173/173 65/174/174
f 61/175/175 63/176/176 65/177/177
f 65/178/178 66/179/179 67/180/180
f 67/181/181 68/182/182 69/183/183
f 65/184/184 67/185/185 69/186/186
f 61/187/187 65/188/188 69/189/189
f 57/190/190 61/191/191 69/192/192
f 69/193/193 70/194/194 71/195/195
f 57/196/196 69/197/197 71/198/198
f 55/199/199 57/200/200 71/201/201
f 72/202/202 55/203/203 71/204/204
f 73/205/205 74/206/206 75/207/207
f 75/208/208 76/209/209 73/210/210
f 74/211/211 77/212/212 78/213/213
f 78/214/214 75/215/215 74/216/216
f 77/217/217 79/218/218 80/219/219
f 80/220/220 78/221/221 77/222/222
f 79/223/223 81/224/224 82/225/225
f 82/226/226 80/227/227 79/228/228
f 81/229/229 83/230/230 84/231/231
f 84/232/232 82/233/233 81/234/234
f 83/235/235 85/236/236 86/237/237
f 86/238/238 84/239/239 83/240/240
f 85/241/241 87/242/242 88/243/243
f 88/244/244 86/245/245 85/246/246
f 87/247/247 89/248/248 90/249/249
f 90/250/250 88/251/251 87/252/252
f 89/253/253 91/254/254 92/255/255
f 92/256/256 90/257/257 89/258/258
f 91/259/259 93/260/260 94/261/261
f 94/262/262 92/263/263 91/264/264
f 93/265/265 95/266/266 96/267/267
f 96/268/268 94/269/269 93/270/270
f 95/271/271 97/272/272 98/273/273
f 98/274/274 96/275/275 95/276/276
f 97/277/277 99/278/278 100/279/279
f 100/280/280 98/281/281 97/282/282
f 99/283/283 101/284/284 102/285/285
f 102/286/286 100/287/287 99/288/288
f 101/289/289 103/290/290 104/291/291
f 104/292/292 102/293/293 101/294/294
f 103/295/295 105/296/296 106/297/297
f 106/298/298 104/299/299 103/300/300
f 105/301/301 107/302/302 108/303/303
f 108/304/304 106/305/305 105/306/306
f 107/307/307 73/308/308 76/309/309
f 76/310/310 108/311/311 107/312/312
f 109/313/313 110/314/314 111/315/315
f 111/316/316 112/317/317 113/318/318
f 113/319/319 114/320/320 115/321/321
f 111/322/322 113/323/323 115/324/324
f 115/325/325 116/326/326 117/327/327
f 117/328/328 118/329/329 119/330/330
f 115/331/331 117/332/332 119/333/333
f 119/334/334 120/335/335 121/336/336
f 121/337/337 122/338/338 123/339/339
f 119/340/340 121/341/341 123/342/342
f 115/343/343 119/344/344 123/345/345
f 111/346/346 115/347/347 123/348/348
f 123/349/349 124/350/350 125/351/351
f 111/352/352 123/353/353 125/354/354
f 109/355/355 111/356/356 125/357/357
f 126/358/358 109/359/359 125/360/360
f 127/361/361 128/362/362 129/363/363
f 129/364/364 130/365/365 131/366/366
f 131/367/367 132/368/368 133/369/369
f 129/370/370 131/371/371 133/372/372
f 133/373/373 134/374/374 135/375/375
f 135/376/376 136/377/377 137/378/378
f 133/379/379 135/380/380 137/381/381
f 137/382/382 138/383/383 139/384/384
f 139/385/385 140/386/386 141/387/387
f 137/388/388 139/389/389 141/390/390
f 133/391/391 137/392/392 141/393/393
f 129/394/394 133/395/395 141/396/396
f 141/397/397 142/398/398 143/399/399
f 129/400/400 141/401/401 143/402/402
f 127/403/403 129/404/404 143/405/405
f 144/406/406 127/407/407 143/408/408
f 3/409/409 55/410/410 72/411/411
f 72/412/412 4/413/413 3/414/414
f 6/415/415 56/416/416 55/417/417
f 55/418/418 3/419/419 6/420/420
f 8/421/421 57/422/422 56/423/423
f 56/424/424 6/425/425 8/426/426
f 10/427/427 58/428/428 57/429/429
f 57/430/430 8/431/431 10/432/432
f 12/433/433 59/434/434 58/435/435
f 58/436/436 10/437/437 12/438/438
f 14/439/439 60/440/440 59/441/441
f 59/442/442 12/443/443 14/444/444
f 16/445/445 61/446/446 60/447/447
f 60/448/448 14/449/449 16/450/450
f 18/451/451 62/452/452 61/453/453
f 61/454/454 16/455/455 18/456/456
f 20/457/457 63/458/458 62/459/459
f 62/460/460 18/461/461 20/462/462
f 22/463/463 64/464/464 63/465/465
f 63/466/466 20/467/467 22/468/468
f 24/469/469 65/470/470 64/471/471
f 64/472/472 22/473/473 24/474/474
f 26/475/475 66/476/476 65/477/477
f 65/478/478 24/479/479 26/480/480
f 28/481/481 67/482/482 66/483/483
f 66/484/484 26/485/485 28/486/486
f 30/487/487 68/488/488 67/489/489
f 67/490/490 28/491/491 30/492/492
f 32/493/493 69/494/494 68/495/495
f 68/496/496 30/497/497 32/498/498
f 34/499/499 70/500/500 69/501/501
f 69/502/502 32/503/503 34/504/504
f 36/505/505 71/506/506 70/507/507
f 70/508/508 34/509/509 36/510/510
f 4/511/511 72/512/512 71/513/513
f 71/514/514 36/515/515 4/516/516
f 75/517/517 127/518/518 144/519/519
f 144/520/520 76/521/521 75/522/522
f 78/523/523 128/524/524 127/525/525
f 127/526/526 75/527/527 78/528/528
f 80/529/529 129/530/530 128/531/531
f 128/532/532 78/533/533 80/534/534
f 82/535/535 130/536/536 129/537/537
f 129/538/538 80/539/539 82/540/540
f 84/541/541 131/542/542 130/543/543
f 130/544/544 82/545/545 84/546/546
f 86/547/547 132/548/548 131/549/549
f 131/550/550 84/551/551 86/552/552
f 88/553/553 133/554/554 132/555/555
f 132/556/556 86/557/557 88/558/558
f 90/559/559 134/560/560 133/561/561
f 133/562/562 88/563/563 90/564/564
f 92/565/565 135/566/566 134/567/567
f 134/568/568 90/569/569 92/570/570
f 94/571/571 136/572/572 135/573/573
f 135/574/574 92/575/575 94/576/576
f 96/577/577 137/578/578 136/579/579
f 136/580/580 94/581/581 96/582/582
f 98/583/583 138/584/584 137/585/585
f 137/586/586 96/587/587 98/588/588
f 100/589/589 139/590/590 138/591/591
f 138/592/592 98/593/593 100/594/594
f 102/595/595 140/596/596 139/597/597
f 139/598/598 100/599/599 102/600/600
f 104/601/601 141/602/602 140/603/603
f 140/604/604 102/605/605 104/606/606
f 106/607/607 142/608/608 141/609/609
f 141/610/610 104/611/611 106/612/612
f 108/613/613 143/614/614 142/615/615
f 142/616/616 106/617/617 108/618/618
f 76/619/619 144/620/620 143/621/621
f 143/622/622 108/623/623 76/624/624
f 1/625/625 53/626/626 52/627/627
f 52/628/628 2/629/629 1/630/630
f 2/631/631 52/632/632 51/633/633
f 51/634/634 5/635/635 2/636/636
f 5/637/637 51/638/638 50/639/639
f 50/640/640 7/641/641 5/642/642
f 7/643/643 50/644/644 49/645/645
f 49/646/646 9/647/647 7/648/648
f 9/649/649 49/650/650 48/651/651
f 48/652/652 11/653/653 9/654/654
f 11/655/655 48/656/656 47/657/657
f 47/658/658 13/659/659 11/660/660
f 13/661/661 47/662/662 46/663/663
f 46/664/664 15/665/665 13/666/666
f 15/667/667 46/668/668 45/669/669
f 45/670/670 17/671/671 15/672/672
f 17/673/673 45/674/674 44/675/675
f 44/676/676 19/677/677 17/678/678
f 19/679/679 44/680/680 43/681/681
f 43/682/682 21/683/683 19/684/684
f 21/685/685 43/686/686 42/687/687
f 42/688/688 23/689/689 21/690/690
f 23/691/691 42/692/692 41/693/693
f 41/694/694 25/695/695 23/696/696
f 25/697/697 41/698/698 40/699/699
f 40/700/700 27/701/701 25/702/702
f 27/703/703 40/704/704 39/705/705
f 39/706/706 29/707/707 27/708/708
f 29/709/709 39/710/710 38/711/711
f 38/712/712 31/713/713 29/714/714
f 31/715/715 38/716/716 37/717/717
f 37/718/718 33/719/719 31/720/720
f 33/721/721 37/722/722 54/723/723
f 54/724/724 35/725/725 33/726/726
f 35/727/727 54/728/728 53/729/729
f 53/730/730 1/731/731 35/732/732
f 73/733/733 125/734/734 124/735/735
f 124/736/736 74/737/737 73/738/738
f 74/739/739 124/740/740 123/741/741
f 123/742/742 77/743/743 74/744/744
f 77/745/745 123/746/746 122/747/747
f 122/748/748 79/749/749 77/750/750
f 79/751/751 122/752/752 121/753/753
f 121/754/754 81/755/755 79/756/756
f 81/757/757 121/758/758 120/759/759
f 120/760/760 83/761/761 81/762/762
f 83/763/763 120/764/764 119/765/765
f 119/766/766 85/767/767 83/768/768
f 85/769/769 119/770/770 118/771/771
f 118/772/772 87/773/773 85/774/774
f 87/775/775 118/776/776 117/777/777
f 117/778/778 89/779/779 87/780/780
f 89/781/781 117/782/782 116/783/783
f 116/784/784 91/785/785 89/786/786
f 91/787/787 116/788/788 115/789/789
f 115/790/790 93/791/791 91/792/792
f 93/793/793 115/794/794 114/795/795
f 114/796/796 95/797/797 93/798/798
f 95/799/799 114/800/800 113/801/801
f 113/802/802 97/803/803 95/804/804
f 97/805/805 113/806/806 112/807/807
f 112/808/808 99/809/809 97/810/810
f 99/811/811 112/812/812 111/813/813
f 111/814/814 101/815/815 99/816/816
f 101/817/817 111/818/818 110/819/819
f 110/820/820 103/821/821 101/822/822
f 103/823/823 110/824/824 109/825/825
f 109/826/826 105/827/827 103/828/828
f 105/829/829 109/830/830 126/831/831
f 126/832/832 107/833/833 105/834/834
f 107/835/835 126/836/836 125/837/837
f 125/838/838 73/839/839 107/840/840
