# Wavefront OBJ file
# Exported by Misfit Model 3D 1.3.8
# Sat Oct 29 08:53:11 2016

mtllib pumpkin_mtl

# 145 Vertices
v 5.64783 47.188 34.004299
v 5.02504 44.806801 34.875301
v 14.3544 44.9035 32.298599
v 3.40613 41.6689 23.022499
v 3.84464 40.4702 35.8755
v 0.0 41.066399 23.715599
v 0.0 46.626099 35.2659
v 0.0 40.416199 36.689999
v 6.93885 6.91399 27.361401
v 4.37776 5.87965 27.6492
v 8.43165 4.94191 29.3687
v 4.85583 3.86091 29.8664
v 9.03046 4.25522 23.2528
v 4.38594 2.76629 24.294001
v 11.445 12.3092 26.2472
v 13.623 11.6877 29.113199
v 13.6702 14.9509 24.831499
v 16.8736 15.0331 28.178699
v 9.92536 41.692799 21.3011
v 12.4667 8.374 21.4716
v 14.7071 42.286499 33.046799
v 0.0 44.9119 28.9625
v 32.007198 5.19456 15.7385
v 22.945101 12.1112 26.3694
v 17.572701 6.12148 27.0536
v 22.083799 40.4519 30.476299
v 14.126 40.1693 11.4429
v 0.0 51.613602 31.3591
v 7.06031 48.130501 31.121201
v 0.0 6.89258 1.5013
v 17.804701 9.19056 16.0028
v 28.462799 22.9582 26.029301
v 18.228901 26.1117 0.619301
v 4.80091 68.5998 -6.27256
v 0.0 68.230797 -11.074
v 0.0 68.388802 0.025335
v 11.7591 60.310699 11.8731
v 0.0 59.547199 3.91083
v 0.0 60.8456 15.1025
v 37.957199 18.857 17.712601
v 27.497999 40.805698 27.6399
v 29.073999 32.092499 26.5912
v 16.0459 35.8027 7.19367
v 29.9226 45.824799 21.649401
v 16.082701 58.393299 17.3102
v 0.0 59.2631 23.623699
v 16.5944 47.700001 19.5348
v 44.685398 31.4666 -4.97176
v 38.701401 36.015701 17.6591
v 39.705002 28.311899 -27.816099
v 35.373699 43.41 -26.207899
v 42.547401 13.9125 -4.20646
v -39.1483 45.9823 -5.53319
v -35.373699 43.41 -26.207899
v -44.685398 31.4666 -4.97176
v -5.64783 47.188 34.004299
v -14.3544 44.9035 32.298599
v -5.02504 44.806801 34.875301
v -3.40613 41.6689 23.022499
v -3.84464 40.4702 35.8755
v -6.93885 6.91399 27.361401
v -8.43165 4.94191 29.3687
v -4.37776 5.87965 27.6492
v -4.85583 3.86091 29.8664
v -9.03046 4.25522 23.2528
v -4.38594 2.76629 24.294001
v -11.445 12.3092 26.2472
v -13.6702 14.9509 24.831499
v -13.623 11.6877 29.113199
v -16.8736 15.0331 28.178699
v -9.92536 41.692799 21.3011
v -12.4667 8.374 21.4716
v -14.7071 42.286499 33.046799
v -22.945101 12.1112 26.3694
v -17.572701 6.12148 27.0536
v -22.083799 40.4519 30.476299
v -14.126 40.1693 11.4429
v -7.06031 48.130501 31.121201
v -17.804701 9.19056 16.0028
v -28.462799 22.9582 26.029301
v -18.228901 26.1117 0.619301
v -4.80091 68.5998 -6.27256
v -8.29089 58.936199 0.024955
v -27.497999 40.805698 27.6399
v -37.957199 18.857 17.712601
v -29.073999 32.092499 26.5912
v -16.0459 35.8027 7.19367
v -29.9226 45.824799 21.649401
v -16.082701 58.393299 17.3102
v -16.5944 47.700001 19.5348
v -38.701401 36.015701 17.6591
v -39.705002 28.311899 -27.816099
v -42.547401 13.9125 -4.20646
v 39.1483 45.9823 -5.53319
v 8.29089 58.936199 0.024955
v 17.9655 60.173599 4.975
v 8.59506 58.504902 -10.1358
v 27.6873 56.452301 10.8007
v 34.332001 48.223099 14.7637
v -11.7591 60.310699 11.8731
v -34.332001 48.223099 14.7637
v -27.6873 56.452301 10.8007
v 0.0 58.495098 -15.3765
v -31.6089 55.407001 -6.03752
v -27.98 54.120701 -21.952
v -17.9655 60.173599 4.975
v -8.59506 58.504902 -10.1358
v 27.98 54.120701 -21.952
v 31.6089 55.407001 -6.03752
v 19.6511 59.459499 -17.3118
v -19.6511 59.459499 -17.3118
v 0.0 9.9141 -45.140999
v 0.0 26.366301 -49.581501
v 19.891701 10.0405 -41.221802
v 21.355801 26.690399 -45.091599
v -21.355801 26.690399 -45.091599
v -37.835201 11.6624 -25.8627
v -19.891701 10.0405 -41.221802
v 0.0 -1.47023 -33.584
v -28.8958 1.65469 -20.620399
v -32.007198 5.19456 15.7385
v -33.880299 2.42463 -3.27414
v -17.678499 -6.28636 -14.1399
v 33.880299 2.42463 -3.27414
v 37.835201 11.6624 -25.8627
v 17.678499 -6.28636 -14.1399
v 28.8958 1.65469 -20.620399
v 0.0 -6.7354 -21.628901
v 12.0509 2.05755 26.681
v 23.1054 -3.38104 11.8022
v 0.0 -8.24079 -0.41219
v -12.0509 2.05755 26.681
v -4.52916 0.025107 27.6803
v -23.1054 -3.38104 11.8022
v 0.0 1.86892 25.2868
v 4.52916 0.025107 27.6803
v 0.0 -0.1115 27.7166
v 0.0 -4.35467 21.3915
v 0.0 58.996399 -28.0895
v 18.949699 41.407001 -41.8755
v 15.0693 53.021801 -34.751801
v 0.0 41.882301 -45.7267
v -18.949699 41.407001 -41.8755
v 0.0 53.909401 -37.389801
v -15.0693 53.021801 -34.751801

# 828 Texture Coordinates
vt 0.10534 0.748993
vt 0.094516 0.732542
vt 0.165472 0.709358
vt 0.207866 0.458062
vt 0.006167 0.4535
vt 0.207866 0.470713
vt 0.006167 0.4535
vt 0.207866 0.458062
vt 0.207866 0.446042
vt 0.006167 0.442662
vt 0.006167 0.4535
vt 0.207866 0.446042
vt 0.094516 0.732542
vt 0.10534 0.748993
vt 0.061094 0.759214
vt 0.094516 0.732542
vt 0.061094 0.759214
vt 0.074451 0.702701
vt 0.074451 0.702701
vt 0.061094 0.759214
vt 0.045174 0.712148
vt 0.207866 0.441121
vt 0.006167 0.442662
vt 0.207866 0.446042
vt 0.161614 0.606084
vt 0.166358 0.612677
vt 0.207866 0.605394
vt 0.166358 0.612677
vt 0.207866 0.612677
vt 0.207866 0.605394
vt 0.146301 0.600492
vt 0.146301 0.615994
vt 0.161614 0.606084
vt 0.161614 0.606084
vt 0.146301 0.615994
vt 0.166358 0.612677
vt 0.207866 0.605394
vt 0.146301 0.600492
vt 0.161614 0.606084
vt 0.146301 0.615994
vt 0.207866 0.612677
vt 0.166358 0.612677
vt 0.166672 0.565097
vt 0.207866 0.565097
vt 0.165731 0.557879
vt 0.165731 0.557879
vt 0.207866 0.565097
vt 0.207866 0.559296
vt 0.207866 0.470713
vt 0.006167 0.4535
vt 0.006167 0.477291
vt 0.165731 0.557879
vt 0.15069 0.57199
vt 0.166672 0.565097
vt 0.15069 0.57199
vt 0.207866 0.565097
vt 0.166672 0.565097
vt 0.207866 0.470713
vt 0.006167 0.477291
vt 0.207866 0.483812
vt 0.207866 0.572317
vt 0.207866 0.55848
vt 0.006167 0.555688
vt 0.345219 0.33281
vt 0.249334 0.430953
vt 0.205362 0.389795
vt 0.249334 0.430953
vt 0.213912 0.436992
vt 0.205362 0.389795
vt 0.205362 0.389795
vt 0.213912 0.436992
vt 0.198638 0.40956
vt 0.207866 0.57199
vt 0.207866 0.565097
vt 0.15069 0.57199
vt 0.207866 0.487682
vt 0.207866 0.483812
vt 0.006167 0.496883
vt 0.207866 0.483812
vt 0.006167 0.477291
vt 0.006167 0.496883
vt 0.207866 0.55848
vt 0.207866 0.543737
vt 0.006167 0.555688
vt 0.10534 0.748993
vt 0.117491 0.758106
vt 0.082126 0.797015
vt 0.165472 0.709358
vt 0.117491 0.758106
vt 0.10534 0.748993
vt 0.146301 0.615994
vt 0.146301 0.600492
vt 0.006167 0.578654
vt 0.120647 0.550578
vt 0.15069 0.57199
vt 0.165731 0.557879
vt 0.207866 0.547722
vt 0.120647 0.550578
vt 0.207866 0.559296
vt 0.207866 0.559296
vt 0.120647 0.550578
vt 0.165731 0.557879
vt 0.146301 0.600492
vt 0.15069 0.57199
vt 0.006167 0.578654
vt 0.15069 0.57199
vt 0.120647 0.550578
vt 0.006167 0.578654
vt 0.207866 0.528024
vt 0.120647 0.550578
vt 0.207866 0.547722
vt 0.120647 0.550578
vt 0.207866 0.528024
vt 0.006167 0.534473
vt 0.120647 0.550578
vt 0.006167 0.534473
vt 0.006167 0.578654
vt 0.039674 0.908668
vt 0.058105 0.908668
vt 0.020242 0.908668
vt 0.222714 0.859831
vt 0.169826 0.989862
vt 0.120544 0.912058
vt 0.345317 0.481195
vt 0.249334 0.430953
vt 0.345219 0.33281
vt 0.251717 0.645301
vt 0.165472 0.709358
vt 0.161437 0.688619
vt 0.210789 0.650325
vt 0.251717 0.645301
vt 0.161437 0.688619
vt 0.249334 0.430953
vt 0.345317 0.481195
vt 0.278661 0.516015
vt 0.006167 0.496883
vt 0.207866 0.500413
vt 0.207866 0.487682
vt 0.006167 0.534473
vt 0.207866 0.51409
vt 0.207866 0.500413
vt 0.207866 0.500413
vt 0.006167 0.496883
vt 0.006167 0.504985
vt 0.006167 0.534473
vt 0.207866 0.500413
vt 0.006167 0.504985
vt 0.207866 0.51409
vt 0.006167 0.534473
vt 0.207866 0.528024
vt 0.345317 0.481195
vt 0.269612 0.580697
vt 0.278661 0.516015
vt 0.117491 0.758106
vt 0.165472 0.709358
vt 0.287394 0.692267
vt 0.117491 0.758106
vt 0.217786 0.805862
vt 0.082126 0.797015
vt 0.217786 0.805862
vt 0.092315 0.854309
vt 0.082126 0.797015
vt 0.006167 0.526024
vt 0.207866 0.511482
vt 0.207866 0.540266
vt 0.207866 0.540266
vt 0.207866 0.521604
vt 0.006167 0.526024
vt 0.207866 0.511482
vt 0.006167 0.526024
vt 0.207866 0.521604
vt 0.346736 0.478643
vt 0.531545 0.597683
vt 0.346158 0.620975
vt 0.269612 0.580697
vt 0.345317 0.481195
vt 0.334773 0.623137
vt 0.269612 0.580697
vt 0.334773 0.623137
vt 0.251717 0.645301
vt 0.251717 0.645301
vt 0.287394 0.692267
vt 0.165472 0.709358
vt 0.217786 0.805862
vt 0.222714 0.859831
vt 0.092315 0.854309
vt 0.222714 0.859831
vt 0.120544 0.912058
vt 0.092315 0.854309
vt 0.334773 0.623137
vt 0.287394 0.692267
vt 0.251717 0.645301
vt 0.71766 0.584167
vt 0.695165 0.70753
vt 0.531545 0.597683
vt 0.71766 0.584167
vt 0.531545 0.597683
vt 0.536569 0.455649
vt 0.384673 0.330024
vt 0.536569 0.455649
vt 0.346736 0.478643
vt 0.531545 0.597683
vt 0.346736 0.478643
vt 0.536569 0.455649
vt 0.526815 0.715087
vt 0.695165 0.70753
vt 0.531545 0.597683
vt 0.10534 0.748993
vt 0.165472 0.709358
vt 0.094516 0.732542
vt 0.207866 0.458062
vt 0.207866 0.470713
vt 0.006167 0.4535
vt 0.006167 0.4535
vt 0.207866 0.446042
vt 0.207866 0.458062
vt 0.006167 0.442662
vt 0.207866 0.446042
vt 0.006167 0.4535
vt 0.094516 0.732542
vt 0.061094 0.759214
vt 0.10534 0.748993
vt 0.094516 0.732542
vt 0.074451 0.702701
vt 0.061094 0.759214
vt 0.074451 0.702701
vt 0.045174 0.712148
vt 0.061094 0.759214
vt 0.207866 0.441121
vt 0.207866 0.446042
vt 0.006167 0.442662
vt 0.161614 0.606084
vt 0.207866 0.605394
vt 0.166358 0.612677
vt 0.166358 0.612677
vt 0.207866 0.605394
vt 0.207866 0.612677
vt 0.146301 0.600492
vt 0.161614 0.606084
vt 0.146301 0.615994
vt 0.161614 0.606084
vt 0.166358 0.612677
vt 0.146301 0.615994
vt 0.207866 0.605394
vt 0.161614 0.606084
vt 0.146301 0.600492
vt 0.146301 0.615994
vt 0.166358 0.612677
vt 0.207866 0.612677
vt 0.166672 0.565097
vt 0.165731 0.557879
vt 0.207866 0.565097
vt 0.165731 0.557879
vt 0.207866 0.559296
vt 0.207866 0.565097
vt 0.207866 0.470713
vt 0.006167 0.477291
vt 0.006167 0.4535
vt 0.165731 0.557879
vt 0.166672 0.565097
vt 0.15069 0.57199
vt 0.15069 0.57199
vt 0.166672 0.565097
vt 0.207866 0.565097
vt 0.207866 0.470713
vt 0.207866 0.483812
vt 0.006167 0.477291
vt 0.207866 0.572317
vt 0.006167 0.555688
vt 0.207866 0.55848
vt 0.249334 0.430953
vt 0.205362 0.389795
vt 0.213912 0.436992
vt 0.205362 0.389795
vt 0.198638 0.40956
vt 0.213912 0.436992
vt 0.207866 0.57199
vt 0.15069 0.57199
vt 0.207866 0.565097
vt 0.207866 0.487682
vt 0.006167 0.496883
vt 0.207866 0.483812
vt 0.006167 0.496883
vt 0.006167 0.477291
vt 0.207866 0.483812
vt 0.207866 0.55848
vt 0.006167 0.555688
vt 0.207866 0.543737
vt 0.10534 0.748993
vt 0.082126 0.797015
vt 0.117491 0.758106
vt 0.165472 0.709358
vt 0.10534 0.748993
vt 0.117491 0.758106
vt 0.146301 0.615994
vt 0.006167 0.578654
vt 0.146301 0.600492
vt 0.120647 0.550578
vt 0.165731 0.557879
vt 0.15069 0.57199
vt 0.207866 0.547722
vt 0.207866 0.559296
vt 0.120647 0.550578
vt 0.207866 0.559296
vt 0.165731 0.557879
vt 0.120647 0.550578
vt 0.146301 0.600492
vt 0.006167 0.578654
vt 0.15069 0.57199
vt 0.15069 0.57199
vt 0.006167 0.578654
vt 0.120647 0.550578
vt 0.207866 0.528024
vt 0.207866 0.547722
vt 0.120647 0.550578
vt 0.120647 0.550578
vt 0.006167 0.534473
vt 0.207866 0.528024
vt 0.120647 0.550578
vt 0.006167 0.578654
vt 0.006167 0.534473
vt 0.039674 0.908668
vt 0.020242 0.908668
vt 0.058105 0.908668
vt 0.061446 0.89535
vt 0.020492 0.895686
vt 0.022168 0.973617
vt 0.061446 0.89535
vt 0.022168 0.973617
vt 0.07298 0.973102
vt 0.251717 0.645301
vt 0.161437 0.688619
vt 0.165472 0.709358
vt 0.210789 0.650325
vt 0.161437 0.688619
vt 0.251717 0.645301
vt 0.249334 0.430953
vt 0.278661 0.516015
vt 0.345317 0.481195
vt 0.006167 0.496883
vt 0.207866 0.487682
vt 0.207866 0.500413
vt 0.006167 0.534473
vt 0.207866 0.500413
vt 0.207866 0.51409
vt 0.207866 0.500413
vt 0.006167 0.504985
vt 0.006167 0.496883
vt 0.006167 0.534473
vt 0.006167 0.504985
vt 0.207866 0.500413
vt 0.207866 0.51409
vt 0.207866 0.528024
vt 0.006167 0.534473
vt 0.345317 0.481195
vt 0.278661 0.516015
vt 0.269612 0.580697
vt 0.117491 0.758106
vt 0.287394 0.692267
vt 0.165472 0.709358
vt 0.117491 0.758106
vt 0.082126 0.797015
vt 0.217786 0.805862
vt 0.082126 0.797015
vt 0.092315 0.854309
vt 0.217786 0.805862
vt 0.006167 0.526024
vt 0.207866 0.540266
vt 0.207866 0.511482
vt 0.207866 0.540266
vt 0.006167 0.526024
vt 0.207866 0.521604
vt 0.207866 0.511482
vt 0.207866 0.521604
vt 0.006167 0.526024
vt 0.526815 0.715087
vt 0.531545 0.597683
vt 0.346158 0.620975
vt 0.346736 0.478643
vt 0.346158 0.620975
vt 0.531545 0.597683
vt 0.269612 0.580697
vt 0.334773 0.623137
vt 0.345317 0.481195
vt 0.269612 0.580697
vt 0.251717 0.645301
vt 0.334773 0.623137
vt 0.251717 0.645301
vt 0.165472 0.709358
vt 0.287394 0.692267
vt 0.334773 0.623137
vt 0.251717 0.645301
vt 0.287394 0.692267
vt 0.71766 0.584167
vt 0.531545 0.597683
vt 0.695165 0.70753
vt 0.71766 0.584167
vt 0.536569 0.455649
vt 0.531545 0.597683
vt 0.531545 0.597683
vt 0.536569 0.455649
vt 0.346736 0.478643
vt 0.526815 0.715087
vt 0.531545 0.597683
vt 0.695165 0.70753
vt 0.265904 0.989862
vt 0.222714 0.859831
vt 0.297157 0.868692
vt 0.169826 0.989862
vt 0.222714 0.859831
vt 0.265904 0.989862
vt 0.061446 0.89535
vt 0.022168 0.973617
vt 0.020492 0.895686
vt 0.061446 0.89535
vt 0.07298 0.973102
vt 0.022168 0.973617
vt 0.086604 0.893974
vt 0.019223 0.973617
vt 0.07298 0.973102
vt 0.07298 0.973102
vt 0.061446 0.89535
vt 0.086604 0.893974
vt 0.324019 0.782081
vt 0.297157 0.868692
vt 0.222714 0.859831
vt 0.526815 0.715087
vt 0.346158 0.620975
vt 0.531545 0.597683
vt 0.346158 0.620975
vt 0.526815 0.715087
vt 0.361724 0.720212
vt 0.287394 0.692267
vt 0.334773 0.623137
vt 0.340311 0.723747
vt 0.287394 0.692267
vt 0.324019 0.782081
vt 0.217786 0.805862
vt 0.217786 0.805862
vt 0.324019 0.782081
vt 0.222714 0.859831
vt 0.324019 0.782081
vt 0.287394 0.692267
vt 0.340311 0.723747
vt 0.169826 0.989862
vt 0.265904 0.989862
vt 0.222714 0.859831
vt 0.222714 0.859831
vt 0.120544 0.912058
vt 0.169826 0.989862
vt 0.346158 0.620975
vt 0.361724 0.720212
vt 0.526815 0.715087
vt 0.287394 0.692267
vt 0.340311 0.723747
vt 0.334773 0.623137
vt 0.287394 0.692267
vt 0.217786 0.805862
vt 0.324019 0.782081
vt 0.217786 0.805862
vt 0.222714 0.859831
vt 0.324019 0.782081
vt 0.217786 0.805862
vt 0.092315 0.854309
vt 0.222714 0.859831
vt 0.092315 0.854309
vt 0.120544 0.912058
vt 0.222714 0.859831
vt 0.324019 0.782081
vt 0.340311 0.723747
vt 0.287394 0.692267
vt 0.019223 0.973617
vt 0.086604 0.893974
vt 0.022201 0.895745
vt 0.526815 0.715087
vt 0.525047 0.783474
vt 0.653674 0.79933
vt 0.653674 0.79933
vt 0.695165 0.70753
vt 0.526815 0.715087
vt 0.433946 0.884086
vt 0.525047 0.783474
vt 0.388423 0.796806
vt 0.265904 0.989862
vt 0.297157 0.868692
vt 0.222714 0.859831
vt 0.086604 0.893974
vt 0.07298 0.973102
vt 0.019223 0.973617
vt 0.019223 0.973617
vt 0.022201 0.895745
vt 0.086604 0.893974
vt 0.07298 0.973102
vt 0.086604 0.893974
vt 0.061446 0.89535
vt 0.324019 0.782081
vt 0.222714 0.859831
vt 0.297157 0.868692
vt 0.525047 0.783474
vt 0.526815 0.715087
vt 0.361724 0.720212
vt 0.388423 0.796806
vt 0.525047 0.783474
vt 0.361724 0.720212
vt 0.526815 0.715087
vt 0.653674 0.79933
vt 0.525047 0.783474
vt 0.653674 0.79933
vt 0.526815 0.715087
vt 0.695165 0.70753
vt 0.433946 0.884086
vt 0.614453 0.874079
vt 0.472403 0.989862
vt 0.614453 0.874079
vt 0.554622 0.989862
vt 0.472403 0.989862
vt 0.525047 0.783474
vt 0.433946 0.884086
vt 0.388423 0.796806
vt 0.525047 0.783474
vt 0.361724 0.720212
vt 0.526815 0.715087
vt 0.388423 0.796806
vt 0.361724 0.720212
vt 0.525047 0.783474
vt 0.614453 0.874079
vt 0.525047 0.783474
vt 0.653674 0.79933
vt 0.433946 0.884086
vt 0.525047 0.783474
vt 0.614453 0.874079
vt 0.433946 0.884086
vt 0.472403 0.989862
vt 0.614453 0.874079
vt 0.472403 0.989862
vt 0.554622 0.989862
vt 0.614453 0.874079
vt 0.525047 0.783474
vt 0.433946 0.884086
vt 0.614453 0.874079
vt 0.525047 0.783474
vt 0.614453 0.874079
vt 0.653674 0.79933
vt 0.983998 0.443426
vt 0.983998 0.572812
vt 0.853231 0.442751
vt 0.983998 0.572812
vt 0.851971 0.572388
vt 0.853231 0.442751
vt 0.851971 0.572388
vt 0.712726 0.453962
vt 0.71766 0.584167
vt 0.712726 0.453962
vt 0.536569 0.455649
vt 0.71766 0.584167
vt 0.983998 0.572812
vt 0.853231 0.442751
vt 0.851971 0.572388
vt 0.851971 0.572388
vt 0.853231 0.442751
vt 0.712726 0.453962
vt 0.853231 0.442751
vt 0.983998 0.285092
vt 0.983998 0.443426
vt 0.983998 0.443426
vt 0.853231 0.442751
vt 0.983998 0.572812
vt 0.983998 0.443426
vt 0.983998 0.285092
vt 0.853231 0.442751
vt 0.853231 0.442751
vt 0.767956 0.310067
vt 0.712726 0.453962
vt 0.767956 0.310067
vt 0.853231 0.442751
vt 0.983998 0.285092
vt 0.345219 0.33281
vt 0.205362 0.389795
vt 0.249334 0.430953
vt 0.345317 0.481195
vt 0.345219 0.33281
vt 0.249334 0.430953
vt 0.536569 0.455649
vt 0.539747 0.319814
vt 0.384673 0.330024
vt 0.384673 0.330024
vt 0.346736 0.478643
vt 0.536569 0.455649
vt 0.680611 0.322184
vt 0.539747 0.319814
vt 0.712726 0.453962
vt 0.539747 0.319814
vt 0.536569 0.455649
vt 0.712726 0.453962
vt 0.639699 0.159319
vt 0.539747 0.319814
vt 0.680611 0.322184
vt 0.536569 0.455649
vt 0.384673 0.330024
vt 0.539747 0.319814
vt 0.851971 0.572388
vt 0.71766 0.584167
vt 0.712726 0.453962
vt 0.712726 0.453962
vt 0.71766 0.584167
vt 0.536569 0.455649
vt 0.712726 0.453962
vt 0.536569 0.455649
vt 0.539747 0.319814
vt 0.539747 0.319814
vt 0.639699 0.159319
vt 0.680611 0.322184
vt 0.680611 0.322184
vt 0.712726 0.453962
vt 0.539747 0.319814
vt 0.851971 0.572388
vt 0.712726 0.453962
vt 0.853231 0.442751
vt 0.767956 0.310067
vt 0.853231 0.442751
vt 0.712726 0.453962
vt 0.853231 0.442751
vt 0.767956 0.310067
vt 0.983998 0.285092
vt 0.835826 0.160115
vt 0.983998 0.153937
vt 0.767956 0.310067
vt 0.983998 0.153937
vt 0.983998 0.285092
vt 0.767956 0.310067
vt 0.835826 0.160115
vt 0.767956 0.310067
vt 0.983998 0.153937
vt 0.767956 0.310067
vt 0.983998 0.285092
vt 0.983998 0.153937
vt 0.207866 0.600491
vt 0.146301 0.600492
vt 0.207866 0.605394
vt 0.121863 0.391865
vt 0.178563 0.375574
vt 0.149316 0.398589
vt 0.207866 0.600491
vt 0.15069 0.57199
vt 0.146301 0.600492
vt 0.303291 0.196901
vt 0.345219 0.33281
vt 0.205362 0.389795
vt 0.303291 0.196901
vt 0.205362 0.389795
vt 0.178563 0.375574
vt 0.207866 0.57199
vt 0.15069 0.57199
vt 0.207866 0.600491
vt 0.427122 0.19616
vt 0.539747 0.319814
vt 0.384673 0.330024
vt 0.639699 0.159319
vt 0.427122 0.19616
vt 0.537456 0.012414
vt 0.835826 0.160115
vt 0.983998 0.015882
vt 0.983998 0.153937
vt 0.835826 0.160115
vt 0.983998 0.153937
vt 0.983998 0.015882
vt 0.639699 0.159319
vt 0.539747 0.319814
vt 0.427122 0.19616
vt 0.207866 0.600491
vt 0.207866 0.605394
vt 0.146301 0.600492
vt 0.207866 0.615994
vt 0.146301 0.615994
vt 0.207866 0.612677
vt 0.118701 0.361364
vt 0.121863 0.391865
vt 0.178563 0.375574
vt 0.121863 0.391865
vt 0.149316 0.398589
vt 0.178563 0.375574
vt 0.207866 0.600491
vt 0.146301 0.600492
vt 0.15069 0.57199
vt 0.207866 0.57199
vt 0.207866 0.600491
vt 0.15069 0.57199
vt 0.539747 0.319814
vt 0.427122 0.19616
vt 0.384673 0.330024
vt 0.303291 0.196901
vt 0.205362 0.389795
vt 0.345219 0.33281
vt 0.303291 0.196901
vt 0.178563 0.375574
vt 0.205362 0.389795
vt 0.427122 0.19616
vt 0.539747 0.319814
vt 0.639699 0.159319
vt 0.146301 0.615994
vt 0.145809 0.63461
vt 0.207866 0.615994
vt 0.207866 0.615994
vt 0.145809 0.63461
vt 0.207866 0.63359
vt 0.207866 0.615994
vt 0.207866 0.612677
vt 0.146301 0.615994
vt 0.118701 0.361364
vt 0.178563 0.375574
vt 0.121863 0.391865
vt 0.178563 0.375574
vt 0.118701 0.361364
vt 0.303291 0.196901
vt 0.118701 0.361364
vt 0.103004 0.223489
vt 0.303291 0.196901
vt 0.145809 0.63461
vt 0.146301 0.615994
vt 0.006167 0.578654
vt 0.146301 0.615994
vt 0.207866 0.615994
vt 0.145809 0.63461
vt 0.207866 0.615994
vt 0.207866 0.63359
vt 0.145809 0.63461
vt 0.145809 0.63461
vt 0.006167 0.578654
vt 0.146301 0.615994
vt 0.118701 0.361364
vt 0.103004 0.223489
vt 0.085144 0.34879
vt 0.303291 0.196901
vt 0.103004 0.223489
vt 0.165508 0.012414
vt 0.103004 0.223489
vt 0.303291 0.196901
vt 0.165508 0.012414
vt 0.639699 0.159319
vt 0.537456 0.012414
vt 0.427122 0.19616
vt 0.103004 0.223489
vt 0.118701 0.361364
vt 0.085144 0.34879
vt 0.103004 0.223489
vt 0.118701 0.361364
vt 0.303291 0.196901
vt 0.118701 0.361364
vt 0.178563 0.375574
vt 0.303291 0.196901
vt 0.829579 0.874962
vt 0.983998 0.86674
vt 0.86679 0.991278
vt 0.983998 0.86674
vt 0.983998 0.993199
vt 0.86679 0.991278
vt 0.829579 0.874962
vt 0.86679 0.991278
vt 0.983998 0.86674
vt 0.86679 0.991278
vt 0.983998 0.993199
vt 0.983998 0.86674
vt 0.851971 0.572388
vt 0.870585 0.693629
vt 0.71766 0.584167
vt 0.744978 0.695306
vt 0.71766 0.584167
vt 0.870585 0.693629
vt 0.893656 0.776709
vt 0.744978 0.695306
vt 0.870585 0.693629
vt 0.744978 0.695306
vt 0.893656 0.776709
vt 0.778428 0.78045
vt 0.893656 0.776709
vt 0.829579 0.874962
vt 0.778428 0.78045
vt 0.983998 0.694881
vt 0.851971 0.572388
vt 0.983998 0.572812
vt 0.983998 0.694881
vt 0.870585 0.693629
vt 0.851971 0.572388
vt 0.983998 0.694881
vt 0.983998 0.572812
vt 0.851971 0.572388
vt 0.983998 0.694881
vt 0.851971 0.572388
vt 0.870585 0.693629
vt 0.851971 0.572388
vt 0.71766 0.584167
vt 0.870585 0.693629
vt 0.744978 0.695306
vt 0.870585 0.693629
vt 0.71766 0.584167
vt 0.983998 0.780296
vt 0.870585 0.693629
vt 0.983998 0.694881
vt 0.983998 0.86674
vt 0.893656 0.776709
vt 0.983998 0.780296
vt 0.893656 0.776709
vt 0.870585 0.693629
vt 0.744978 0.695306
vt 0.983998 0.780296
vt 0.870585 0.693629
vt 0.893656 0.776709
vt 0.744978 0.695306
vt 0.778428 0.78045
vt 0.893656 0.776709
vt 0.893656 0.776709
vt 0.983998 0.86674
vt 0.983998 0.780296
vt 0.829579 0.874962
vt 0.893656 0.776709
vt 0.778428 0.78045
vt 0.983998 0.86674
vt 0.893656 0.776709
vt 0.829579 0.874962
vt 0.893656 0.776709
vt 0.983998 0.86674
vt 0.829579 0.874962
vt 0.870585 0.693629
vt 0.983998 0.780296
vt 0.983998 0.694881
vt 0.870585 0.693629
vt 0.983998 0.780296
vt 0.893656 0.776709

# 828 Vertex Normals
vn 0.140481 0.476841 0.867691
vn 0.478197 0.149393 0.865453
vn 0.156785 0.59384 0.789159
vn 0.601424 -0.537956 0.590672
vn 0.366158 -0.925211 0.099567
vn -0.342088 -0.856955 0.385491
vn 0.366158 -0.925211 0.099567
vn 0.466001 -0.140481 0.873561
vn 0.49979 -0.634356 0.589748
vn -0.0 -0.99726 -0.073971
vn 0.366158 -0.925211 0.099567
vn 0.442254 -0.893199 -0.081288
vn 0.478197 0.149393 0.865453
vn 0.140481 0.476841 0.867691
vn 0.025644 0.39515 0.918259
vn 0.466001 -0.140481 0.873561
vn -0.0 0.237459 0.971397
vn 0.570592 0.056869 0.819262
vn 0.570592 0.056869 0.819262
vn -0.0 0.237459 0.971397
vn -0.0 0.223525 0.974698
vn -0.0 -0.998747 -0.050051
vn -0.0 -0.99726 -0.073971
vn 0.442254 -0.893199 -0.081288
vn 0.132496 0.988865 0.067758
vn -0.544084 0.52569 0.653929
vn 0.390407 0.655427 0.646528
vn -0.608591 0.718355 0.337023
vn -0.530187 -0.104356 0.841434
vn 0.390407 0.655427 0.646528
vn -0.048772 0.988497 0.14316
vn -0.615851 0.787837 -0.006331
vn -0.033694 0.981332 -0.189346
vn 0.034975 0.844016 -0.535177
vn -0.615851 0.787837 -0.006331
vn -0.74699 0.660334 0.077231
vn 0.336441 0.837858 0.429885
vn 0.1161 0.990362 0.075519
vn -0.033694 0.981332 -0.189346
vn -0.687198 0.711503 -0.146706
vn -0.890086 0.272545 0.36533
vn -0.608591 0.718355 0.337023
vn -0.953772 0.223027 0.20144
vn -0.601247 0.005431 0.799045
vn -0.568541 0.814277 -0.117113
vn -0.568541 0.814277 -0.117113
vn -0.601247 0.005431 0.799045
vn 0.257006 0.776078 0.575891
vn -0.342088 -0.856955 0.385491
vn 0.366158 -0.925211 0.099567
vn -0.422333 -0.849747 0.315538
vn -0.568541 0.814277 -0.117113
vn -0.845192 0.463078 0.266852
vn -0.953772 0.223027 0.20144
vn -0.8516 0.23733 0.467389
vn -0.601247 0.005431 0.799045
vn -0.953772 0.223027 0.20144
vn -0.208241 -0.665413 0.716842
vn -0.422333 -0.849747 0.315538
vn -0.520494 -0.819483 0.239862
vn -0.080038 0.979211 0.186387
vn 0.205275 0.951381 0.229644
vn -0.0 0.964954 -0.262418
vn 0.678021 -0.566456 0.468417
vn 0.49466 -0.289813 0.819341
vn 0.261029 -0.509972 0.819629
vn 0.291507 -0.185832 0.938344
vn 0.02145 0.195171 0.980535
vn 0.161399 -0.379652 0.910942
vn 0.161399 -0.379652 0.910942
vn 0.02145 0.195171 0.980535
vn -0.601247 0.005431 0.799045
vn 0.161399 -0.379652 0.910942
vn -0.601247 0.005431 0.799045
vn -0.8516 0.23733 0.467389
vn -0.074274 -0.996184 0.045845
vn -0.520494 -0.819483 0.239862
vn -0.212882 -0.961376 0.174464
vn -0.520494 -0.819483 0.239862
vn -0.422333 -0.849747 0.315538
vn -0.212882 -0.961376 0.174464
vn -0.053681 0.110677 0.992406
vn -0.073195 0.517811 0.852358
vn -0.0 -0.336727 0.941602
vn 0.23947 0.762693 0.600794
vn 0.402149 0.768281 0.498016
vn 0.096959 0.662584 0.742685
vn 0.353712 0.602194 0.715716
vn 0.402149 0.768281 0.498016
vn 0.23947 0.762693 0.600794
vn -0.615851 0.787837 -0.006331
vn -0.048772 0.988497 0.14316
vn 0.0 0.948247 0.317534
vn -0.469339 0.882911 -0.013741
vn -0.634037 0.761655 0.133709
vn -0.568541 0.814277 -0.117113
vn 0.300669 0.868625 -0.393813
vn -0.183965 0.963196 -0.195985
vn 0.053833 0.992347 -0.111131
vn 0.053833 0.992347 -0.111131
vn -0.183965 0.963196 -0.195985
vn -0.568541 0.814277 -0.117113
vn -0.258143 0.953047 0.158314
vn -0.845192 0.463078 0.266852
vn 0.0 0.948247 0.317534
vn -0.634037 0.761655 0.133709
vn -0.469339 0.882911 -0.013741
vn 0.0 0.948247 0.317534
vn -0.887412 0.288695 0.359382
vn -0.729308 0.663598 0.166576
vn -0.422817 0.233923 0.875503
vn -0.729308 0.663598 0.166576
vn -0.887412 0.288695 0.359382
vn -0.86092 0.057089 0.505528
vn -0.469339 0.882911 -0.013741
vn -0.86092 0.057089 0.505528
vn 0.0 0.948247 0.317534
vn 0.66493 0.745791 -0.040797
vn -0.0 0.781853 -0.623463
vn -0.0 0.823577 0.567204
vn 0.097702 0.993268 0.062237
vn -0.0 0.969272 0.245991
vn -0.0 0.999431 0.033724
vn 0.797184 -0.197726 0.570441
vn 0.49466 -0.289813 0.819341
vn 0.678021 -0.566456 0.468417
vn 0.535525 0.364634 0.761744
vn 0.353712 0.602194 0.715716
vn 0.397363 0.376255 0.83698
vn 0.391531 0.448724 0.803337
vn 0.535525 0.364634 0.761744
vn 0.397363 0.376255 0.83698
vn 0.49466 -0.289813 0.819341
vn 0.797184 -0.197726 0.570441
vn 0.603791 -0.177926 0.777032
vn -0.212882 -0.961376 0.174464
vn -0.594632 -0.696113 0.402293
vn -0.074274 -0.996184 0.045845
vn -0.86092 0.057089 0.505528
vn -0.912093 -0.086438 0.400768
vn -0.594632 -0.696113 0.402293
vn -0.594632 -0.696113 0.402293
vn -0.212882 -0.961376 0.174464
vn -0.622009 -0.605439 0.496537
vn -0.86092 0.057089 0.505528
vn -0.594632 -0.696113 0.402293
vn -0.622009 -0.605439 0.496537
vn -0.912093 -0.086438 0.400768
vn -0.86092 0.057089 0.505528
vn -0.887412 0.288695 0.359382
vn 0.797184 -0.197726 0.570441
vn 0.665264 -0.028206 0.746075
vn 0.603791 -0.177926 0.777032
vn 0.402149 0.768281 0.498016
vn 0.353712 0.602194 0.715716
vn 0.422932 0.654908 0.626278
vn 0.402149 0.768281 0.498016
vn 0.34014 0.694414 0.634108
vn -0.0 0.57705 0.816709
vn 0.34014 0.694414 0.634108
vn 0.0 0.924574 0.381002
vn -0.0 0.57705 0.816709
vn 0.3365 0.593743 0.730915
vn 0.34014 0.694414 0.634108
vn 0.402149 0.768281 0.498016
vn 0.402149 0.768281 0.498016
vn 0.422932 0.654908 0.626278
vn 0.3365 0.593743 0.730915
vn 0.34014 0.694414 0.634108
vn 0.3365 0.593743 0.730915
vn 0.422932 0.654908 0.626278
vn 0.797184 -0.197726 0.570441
vn 0.992153 0.125003 0.002621
vn 0.840694 0.221296 0.494228
vn 0.665264 -0.028206 0.746075
vn 0.797184 -0.197726 0.570441
vn 0.840694 0.221296 0.494228
vn 0.665264 -0.028206 0.746075
vn 0.840694 0.221296 0.494228
vn 0.535525 0.364634 0.761744
vn 0.535525 0.364634 0.761744
vn 0.422932 0.654908 0.626278
vn 0.353712 0.602194 0.715716
vn 0.34014 0.694414 0.634108
vn 0.097702 0.993268 0.062237
vn 0.0 0.924574 0.381002
vn 0.097702 0.993268 0.062237
vn -0.0 0.999431 0.033724
vn 0.0 0.924574 0.381002
vn 0.840694 0.221296 0.494228
vn 0.422932 0.654908 0.626278
vn 0.535525 0.364634 0.761744
vn 0.865969 0.070719 -0.495072
vn 0.756716 0.468555 -0.455891
vn 0.992153 0.125003 0.002621
vn 0.865969 0.070719 -0.495072
vn 0.992153 0.125003 0.002621
vn 0.938007 -0.345412 0.028863
vn 0.678021 -0.566456 0.468417
vn 0.938007 -0.345412 0.028863
vn 0.797184 -0.197726 0.570441
vn 0.992153 0.125003 0.002621
vn 0.797184 -0.197726 0.570441
vn 0.938007 -0.345412 0.028863
vn -0.866398 0.498324 -0.032073
vn -0.756716 0.468555 -0.455891
vn -0.992153 0.125003 0.002621
vn -0.140481 0.476841 0.867691
vn -0.156785 0.59384 0.789159
vn -0.478197 0.149393 0.865453
vn -0.601424 -0.537956 0.590672
vn 0.342088 -0.856955 0.385491
vn -0.366158 -0.925211 0.099567
vn -0.366158 -0.925211 0.099567
vn -0.49979 -0.634356 0.589748
vn -0.466001 -0.140481 0.873561
vn -0.0 -0.99726 -0.073971
vn -0.442254 -0.893199 -0.081288
vn -0.366158 -0.925211 0.099567
vn -0.478197 0.149393 0.865453
vn -0.025644 0.395149 0.918259
vn -0.140481 0.476841 0.867691
vn -0.466001 -0.140481 0.873561
vn -0.570592 0.056869 0.819262
vn -0.0 0.237459 0.971397
vn -0.570592 0.056869 0.819262
vn -0.0 0.223525 0.974698
vn -0.0 0.237459 0.971397
vn -0.0 -0.998747 -0.050051
vn -0.442254 -0.893199 -0.081288
vn -0.0 -0.99726 -0.073971
vn -0.132496 0.988865 0.067758
vn -0.390407 0.655426 0.646528
vn 0.544084 0.52569 0.653929
vn 0.608591 0.718355 0.337023
vn -0.390407 0.655426 0.646528
vn 0.530187 -0.104356 0.841434
vn 0.048772 0.988497 0.14316
vn 0.033694 0.981332 -0.189346
vn 0.615851 0.787837 -0.006331
vn -0.034975 0.844016 -0.535177
vn 0.74699 0.660334 0.077231
vn 0.615851 0.787837 -0.006331
vn -0.336441 0.837858 0.429886
vn 0.033694 0.981332 -0.189346
vn -0.1161 0.990362 0.075519
vn 0.687198 0.711503 -0.146706
vn 0.608591 0.718355 0.337023
vn 0.890086 0.272545 0.36533
vn 0.953772 0.223027 0.201439
vn 0.568541 0.814277 -0.117113
vn 0.601247 0.005431 0.799045
vn 0.568541 0.814277 -0.117113
vn -0.257006 0.776078 0.575891
vn 0.601247 0.005431 0.799045
vn 0.342088 -0.856955 0.385491
vn 0.422333 -0.849747 0.315538
vn -0.366158 -0.925211 0.099567
vn 0.568541 0.814277 -0.117113
vn 0.953772 0.223027 0.201439
vn 0.845192 0.463078 0.266852
vn 0.8516 0.23733 0.467389
vn 0.953772 0.223027 0.201439
vn 0.601247 0.005431 0.799045
vn 0.208241 -0.665412 0.716842
vn 0.520494 -0.819483 0.239862
vn 0.422333 -0.849747 0.315538
vn 0.080038 0.979211 0.186387
vn -0.0 0.964954 -0.262418
vn -0.205275 0.951381 0.229644
vn -0.291507 -0.185832 0.938344
vn -0.161399 -0.379652 0.910942
vn -0.02145 0.195171 0.980535
vn -0.161399 -0.379652 0.910942
vn 0.601247 0.005431 0.799045
vn -0.02145 0.195171 0.980535
vn -0.161399 -0.379652 0.910942
vn 0.8516 0.23733 0.467389
vn 0.601247 0.005431 0.799045
vn 0.074274 -0.996184 0.045845
vn 0.212882 -0.961376 0.174464
vn 0.520494 -0.819483 0.239862
vn 0.212882 -0.961376 0.174464
vn 0.422333 -0.849747 0.315538
vn 0.520494 -0.819483 0.239862
vn 0.053681 0.110677 0.992406
vn -0.0 -0.336727 0.941602
vn 0.073195 0.517811 0.852358
vn -0.23947 0.762693 0.600794
vn -0.096959 0.662584 0.742685
vn -0.402149 0.768281 0.498016
vn -0.353712 0.602194 0.715716
vn -0.23947 0.762693 0.600794
vn -0.402149 0.768281 0.498016
vn 0.615851 0.787837 -0.006331
vn 0.0 0.948247 0.317534
vn 0.048772 0.988497 0.14316
vn 0.469339 0.882911 -0.013741
vn 0.568541 0.814277 -0.117113
vn 0.634037 0.761655 0.133709
vn -0.300669 0.868625 -0.393813
vn -0.053833 0.992347 -0.111131
vn 0.183965 0.963196 -0.195985
vn -0.053833 0.992347 -0.111131
vn 0.568541 0.814277 -0.117113
vn 0.183965 0.963196 -0.195985
vn 0.258143 0.953047 0.158314
vn 0.0 0.948247 0.317534
vn 0.845192 0.463078 0.266852
vn 0.634037 0.761655 0.133709
vn 0.0 0.948247 0.317534
vn 0.469339 0.882911 -0.013741
vn 0.887412 0.288695 0.359382
vn 0.422817 0.233923 0.875503
vn 0.729308 0.663598 0.166576
vn 0.729308 0.663598 0.166576
vn 0.86092 0.057089 0.505528
vn 0.887412 0.288695 0.359382
vn 0.469339 0.882911 -0.013741
vn 0.0 0.948247 0.317534
vn 0.86092 0.057089 0.505528
vn -0.66493 0.745791 -0.040797
vn -0.0 0.823577 0.567204
vn -0.0 0.781853 -0.623463
vn -0.305021 0.933525 0.188395
vn -0.0 0.969272 0.245991
vn -0.0 0.823577 0.567204
vn -0.305021 0.933525 0.188395
vn -0.0 0.823577 0.567204
vn -0.66493 0.745791 -0.040797
vn -0.535525 0.364634 0.761744
vn -0.397363 0.376255 0.83698
vn -0.353712 0.602194 0.715716
vn -0.391531 0.448724 0.803337
vn -0.397363 0.376255 0.83698
vn -0.535525 0.364634 0.761744
vn -0.49466 -0.289813 0.819341
vn -0.603791 -0.177926 0.777032
vn -0.797184 -0.197726 0.570441
vn 0.212882 -0.961376 0.174464
vn 0.074274 -0.996184 0.045845
vn 0.594632 -0.696113 0.402293
vn 0.86092 0.057089 0.505528
vn 0.594632 -0.696113 0.402293
vn 0.912093 -0.086438 0.400768
vn 0.594632 -0.696113 0.402293
vn 0.622009 -0.605439 0.496537
vn 0.212882 -0.961376 0.174464
vn 0.86092 0.057089 0.505528
vn 0.622009 -0.605439 0.496537
vn 0.594632 -0.696113 0.402293
vn 0.912093 -0.086438 0.400768
vn 0.887412 0.288695 0.359382
vn 0.86092 0.057089 0.505528
vn -0.797184 -0.197726 0.570441
vn -0.603791 -0.177926 0.777032
vn -0.665264 -0.028206 0.746075
vn -0.402149 0.768281 0.498016
vn -0.422932 0.654908 0.626278
vn -0.353712 0.602194 0.715716
vn -0.402149 0.768281 0.498016
vn -0.0 0.57705 0.816709
vn -0.34014 0.694414 0.634108
vn -0.0 0.57705 0.816709
vn 0.0 0.924574 0.381002
vn -0.34014 0.694414 0.634108
vn -0.3365 0.593743 0.730915
vn -0.402149 0.768281 0.498016
vn -0.34014 0.694414 0.634108
vn -0.402149 0.768281 0.498016
vn -0.3365 0.593743 0.730915
vn -0.422932 0.654908 0.626278
vn -0.34014 0.694414 0.634108
vn -0.422932 0.654908 0.626278
vn -0.3365 0.593743 0.730915
vn -0.866398 0.498324 -0.032073
vn -0.992153 0.125003 0.002621
vn -0.840694 0.221296 0.494228
vn -0.797184 -0.197726 0.570441
vn -0.840694 0.221296 0.494228
vn -0.992153 0.125003 0.002621
vn -0.665264 -0.028206 0.746075
vn -0.840694 0.221296 0.494228
vn -0.797184 -0.197726 0.570441
vn -0.665264 -0.028206 0.746075
vn -0.535525 0.364634 0.761744
vn -0.840694 0.221296 0.494228
vn -0.535525 0.364634 0.761744
vn -0.353712 0.602194 0.715716
vn -0.422932 0.654908 0.626278
vn -0.840694 0.221296 0.494228
vn -0.535525 0.364634 0.761744
vn -0.422932 0.654908 0.626278
vn -0.865969 0.070719 -0.495072
vn -0.992153 0.125003 0.002621
vn -0.756716 0.468555 -0.455891
vn -0.865969 0.070719 -0.495072
vn -0.938007 -0.345412 0.028863
vn -0.992153 0.125003 0.002621
vn -0.992153 0.125003 0.002621
vn -0.938007 -0.345412 0.028863
vn -0.797184 -0.197726 0.570441
vn 0.866398 0.498324 -0.032073
vn 0.992153 0.125003 0.002621
vn 0.756716 0.468555 -0.455891
vn 0.305021 0.933525 0.188395
vn 0.097702 0.993268 0.062237
vn 0.149394 0.988623 0.017461
vn -0.0 0.969272 0.245991
vn 0.097702 0.993268 0.062237
vn 0.305021 0.933525 0.188395
vn 0.305021 0.933525 0.188395
vn -0.0 0.823577 0.567204
vn -0.0 0.969272 0.245991
vn 0.305021 0.933525 0.188395
vn 0.66493 0.745791 -0.040797
vn -0.0 0.823577 0.567204
vn 0.386356 0.875432 -0.290426
vn -0.0 0.781853 -0.623463
vn 0.66493 0.745791 -0.040797
vn 0.66493 0.745791 -0.040797
vn 0.305021 0.933525 0.188395
vn 0.386356 0.875432 -0.290426
vn 0.439636 0.851465 0.285879
vn 0.149394 0.988623 0.017461
vn 0.097702 0.993268 0.062237
vn 0.866398 0.498324 -0.032073
vn 0.840694 0.221296 0.494228
vn 0.992153 0.125003 0.002621
vn 0.840694 0.221296 0.494228
vn 0.866398 0.498324 -0.032073
vn 0.757157 0.566097 0.325957
vn 0.422932 0.654908 0.626278
vn 0.840694 0.221296 0.494228
vn 0.757157 0.566097 0.325957
vn 0.422932 0.654908 0.626278
vn 0.439636 0.851465 0.285879
vn 0.34014 0.694414 0.634108
vn 0.34014 0.694414 0.634108
vn 0.439636 0.851465 0.285879
vn 0.097702 0.993268 0.062237
vn 0.439636 0.851465 0.285879
vn 0.422932 0.654908 0.626278
vn 0.757157 0.566097 0.325957
vn -0.0 0.969272 0.245991
vn -0.305021 0.933525 0.188395
vn -0.097702 0.993268 0.062237
vn -0.097702 0.993268 0.062237
vn -0.0 0.999431 0.033724
vn -0.0 0.969272 0.245991
vn -0.840694 0.221296 0.494228
vn -0.757157 0.566097 0.325957
vn -0.866398 0.498324 -0.032073
vn -0.422932 0.654908 0.626278
vn -0.757157 0.566097 0.325957
vn -0.840694 0.221296 0.494228
vn -0.422932 0.654908 0.626278
vn -0.34014 0.694414 0.634108
vn -0.439636 0.851465 0.285879
vn -0.34014 0.694414 0.634108
vn -0.097702 0.993268 0.062237
vn -0.439636 0.851465 0.285879
vn -0.34014 0.694414 0.634108
vn 0.0 0.924574 0.381002
vn -0.097702 0.993268 0.062237
vn 0.0 0.924574 0.381002
vn -0.0 0.999431 0.033724
vn -0.097702 0.993268 0.062237
vn -0.439636 0.851465 0.285879
vn -0.757157 0.566097 0.325957
vn -0.422932 0.654908 0.626278
vn -0.0 0.781853 -0.623463
vn 0.386356 0.875432 -0.290426
vn 0.0 0.871824 -0.489818
vn -0.866398 0.498324 -0.032073
vn -0.592121 0.8055 -0.023694
vn -0.590769 0.73484 -0.333169
vn -0.590769 0.73484 -0.333169
vn -0.756716 0.468555 -0.455891
vn -0.866398 0.498324 -0.032073
vn -0.149394 0.988623 0.017461
vn -0.592121 0.8055 -0.023694
vn -0.439636 0.851465 0.285879
vn -0.305021 0.933525 0.188395
vn -0.149394 0.988623 0.017461
vn -0.097702 0.993268 0.062237
vn -0.386356 0.875432 -0.290426
vn -0.66493 0.745791 -0.040797
vn -0.0 0.781853 -0.623463
vn -0.0 0.781853 -0.623463
vn 0.0 0.871824 -0.489818
vn -0.386356 0.875432 -0.290426
vn -0.66493 0.745791 -0.040797
vn -0.386356 0.875432 -0.290426
vn -0.305021 0.933525 0.188395
vn -0.439636 0.851465 0.285879
vn -0.097702 0.993268 0.062237
vn -0.149394 0.988623 0.017461
vn -0.592121 0.8055 -0.023694
vn -0.866398 0.498324 -0.032073
vn -0.757157 0.566097 0.325957
vn -0.439636 0.851465 0.285879
vn -0.592121 0.8055 -0.023694
vn -0.757157 0.566097 0.325957
vn 0.866398 0.498324 -0.032073
vn 0.590769 0.73484 -0.333169
vn 0.592121 0.8055 -0.023694
vn 0.590769 0.73484 -0.333169
vn 0.866398 0.498324 -0.032073
vn 0.756716 0.468555 -0.455891
vn 0.149394 0.988623 0.017461
vn 0.152822 0.976987 -0.148799
vn 0.305021 0.933525 0.188395
vn 0.152822 0.976987 -0.148799
vn 0.386356 0.875432 -0.290426
vn 0.305021 0.933525 0.188395
vn 0.592121 0.8055 -0.023694
vn 0.149394 0.988623 0.017461
vn 0.439636 0.851465 0.285879
vn 0.592121 0.8055 -0.023694
vn 0.757157 0.566097 0.325957
vn 0.866398 0.498324 -0.032073
vn 0.439636 0.851465 0.285879
vn 0.757157 0.566097 0.325957
vn 0.592121 0.8055 -0.023694
vn 0.152822 0.976987 -0.148799
vn 0.592121 0.8055 -0.023694
vn 0.590769 0.73484 -0.333169
vn 0.149394 0.988623 0.017461
vn 0.592121 0.8055 -0.023694
vn 0.152822 0.976987 -0.148799
vn -0.149394 0.988623 0.017461
vn -0.305021 0.933525 0.188395
vn -0.152822 0.976987 -0.148799
vn -0.305021 0.933525 0.188395
vn -0.386356 0.875432 -0.290426
vn -0.152822 0.976987 -0.148799
vn -0.592121 0.8055 -0.023694
vn -0.149394 0.988623 0.017461
vn -0.152822 0.976987 -0.148799
vn -0.592121 0.8055 -0.023694
vn -0.152822 0.976987 -0.148799
vn -0.590769 0.73484 -0.333169
vn -0.0 -0.504977 -0.863133
vn -0.0 -0.090207 -0.995923
vn 0.353809 -0.531103 -0.769902
vn -0.0 -0.090207 -0.995923
vn 0.457582 0.020158 -0.888939
vn 0.353809 -0.531103 -0.769902
vn -0.457582 0.020158 -0.888939
vn -0.773475 -0.458454 -0.437672
vn -0.865969 0.070719 -0.495072
vn -0.773475 -0.458454 -0.437672
vn -0.938007 -0.345412 0.028863
vn -0.865969 0.070719 -0.495072
vn -0.0 -0.090207 -0.995923
vn -0.353809 -0.531103 -0.769902
vn -0.457582 0.020158 -0.888939
vn -0.457582 0.020158 -0.888939
vn -0.353809 -0.531103 -0.769902
vn -0.773475 -0.458454 -0.437672
vn 0.353809 -0.531103 -0.769902
vn 0.0 -0.841436 -0.540356
vn -0.0 -0.504977 -0.863133
vn -0.0 -0.504977 -0.863133
vn -0.353809 -0.531103 -0.769902
vn -0.0 -0.090207 -0.995923
vn -0.0 -0.504977 -0.863133
vn 0.0 -0.841436 -0.540356
vn -0.353809 -0.531103 -0.769902
vn -0.353809 -0.531103 -0.769902
vn -0.435472 -0.817981 -0.37586
vn -0.773475 -0.458454 -0.437672
vn -0.435472 -0.817981 -0.37586
vn -0.353809 -0.531103 -0.769902
vn 0.0 -0.841436 -0.540356
vn -0.678021 -0.566456 0.468417
vn -0.261029 -0.509972 0.819629
vn -0.49466 -0.289813 0.819341
vn -0.797184 -0.197726 0.570441
vn -0.678021 -0.566456 0.468417
vn -0.49466 -0.289813 0.819341
vn -0.938007 -0.345412 0.028863
vn -0.668312 -0.74382 -0.009481
vn -0.678021 -0.566456 0.468417
vn -0.678021 -0.566456 0.468417
vn -0.797184 -0.197726 0.570441
vn -0.938007 -0.345412 0.028863
vn -0.435472 -0.817981 -0.37586
vn -0.668312 -0.74382 -0.009481
vn -0.773475 -0.458454 -0.437672
vn -0.668312 -0.74382 -0.009481
vn -0.938007 -0.345412 0.028863
vn -0.773475 -0.458454 -0.437672
vn -0.30876 -0.941198 -0.137164
vn -0.668312 -0.74382 -0.009481
vn -0.435472 -0.817981 -0.37586
vn 0.938007 -0.345412 0.028863
vn 0.678021 -0.566456 0.468417
vn 0.668312 -0.74382 -0.009481
vn 0.457582 0.020158 -0.888939
vn 0.865969 0.070719 -0.495072
vn 0.773475 -0.458454 -0.437672
vn 0.773475 -0.458454 -0.437672
vn 0.865969 0.070719 -0.495072
vn 0.938007 -0.345412 0.028863
vn 0.773475 -0.458454 -0.437672
vn 0.938007 -0.345412 0.028863
vn 0.668312 -0.74382 -0.009481
vn 0.668312 -0.74382 -0.009481
vn 0.30876 -0.941198 -0.137164
vn 0.435472 -0.817981 -0.37586
vn 0.435472 -0.817981 -0.37586
vn 0.773475 -0.458454 -0.437672
vn 0.668312 -0.74382 -0.009481
vn 0.457582 0.020158 -0.888939
vn 0.773475 -0.458454 -0.437672
vn 0.353809 -0.531103 -0.769902
vn 0.435472 -0.817981 -0.37586
vn 0.353809 -0.531103 -0.769902
vn 0.773475 -0.458454 -0.437672
vn 0.353809 -0.531103 -0.769902
vn 0.435472 -0.817981 -0.37586
vn 0.0 -0.841436 -0.540356
vn 0.30876 -0.941198 -0.137164
vn 0.0 -0.936323 -0.35114
vn 0.435472 -0.817981 -0.37586
vn 0.0 -0.936323 -0.35114
vn 0.0 -0.841436 -0.540356
vn 0.435472 -0.817981 -0.37586
vn -0.30876 -0.941198 -0.137164
vn -0.435472 -0.817981 -0.37586
vn 0.0 -0.936323 -0.35114
vn -0.435472 -0.817981 -0.37586
vn 0.0 -0.841436 -0.540356
vn 0.0 -0.936323 -0.35114
vn -0.0928 0.823827 0.559194
vn -0.048772 0.988497 0.14316
vn 0.336441 0.837858 0.429885
vn 0.158101 -0.099836 0.982363
vn 0.094827 -0.288846 0.952668
vn -0.014929 0.363789 0.931362
vn 0.087475 0.317974 0.944055
vn -0.845192 0.463078 0.266852
vn -0.048772 0.988497 0.14316
vn 0.363599 -0.869825 0.333468
vn 0.678021 -0.566456 0.468417
vn 0.261029 -0.509972 0.819629
vn 0.363599 -0.869825 0.333468
vn 0.261029 -0.509972 0.819629
vn 0.319218 -0.626501 0.711053
vn -0.186693 -0.079329 0.97921
vn -0.845192 0.463078 0.266852
vn 0.087475 0.317974 0.944055
vn 0.363599 -0.869825 0.333468
vn 0.668312 -0.74382 -0.009481
vn 0.678021 -0.566456 0.468417
vn 0.30876 -0.941198 -0.137164
vn 0.363599 -0.869825 0.333468
vn 0.0 -0.998177 0.060359
vn 0.30876 -0.941198 -0.137164
vn 0.0 -0.998177 0.060359
vn 0.0 -0.936323 -0.35114
vn -0.30876 -0.941198 -0.137164
vn 0.0 -0.936323 -0.35114
vn 0.0 -0.998177 0.060359
vn 0.30876 -0.941198 -0.137164
vn 0.668312 -0.74382 -0.009481
vn 0.363599 -0.869825 0.333468
vn 0.0928 0.823827 0.559194
vn -0.336441 0.837858 0.429886
vn 0.048772 0.988497 0.14316
vn 0.444097 0.686367 0.575915
vn 0.615851 0.787837 -0.006331
vn 0.890086 0.272545 0.36533
vn -0.188827 -0.366999 0.910855
vn -0.158101 -0.099836 0.982363
vn -0.094827 -0.288846 0.952668
vn -0.158101 -0.099836 0.982363
vn 0.014929 0.363789 0.931362
vn -0.094827 -0.288846 0.952668
vn -0.087475 0.317974 0.944055
vn 0.048772 0.988497 0.14316
vn 0.845192 0.463078 0.266852
vn 0.186693 -0.079329 0.97921
vn -0.087475 0.317974 0.944055
vn 0.845192 0.463078 0.266852
vn -0.668312 -0.74382 -0.009481
vn -0.363599 -0.869825 0.333468
vn -0.678021 -0.566456 0.468417
vn -0.363599 -0.869825 0.333468
vn -0.261029 -0.509972 0.819629
vn -0.678021 -0.566456 0.468417
vn -0.363599 -0.869825 0.333468
vn -0.319218 -0.626501 0.711053
vn -0.261029 -0.509972 0.819629
vn -0.363599 -0.869825 0.333468
vn -0.668312 -0.74382 -0.009481
vn -0.30876 -0.941198 -0.137164
vn -0.460228 0.887297 -0.029912
vn 0.0 0.864364 0.502867
vn -0.307635 0.429448 0.849079
vn -0.307635 0.429448 0.849079
vn 0.0 0.864364 0.502867
vn 0.0 0.775144 0.631785
vn -0.444097 0.686367 0.575915
vn -0.890086 0.272545 0.36533
vn -0.615851 0.787837 -0.006331
vn 0.188827 -0.366999 0.910855
vn 0.094827 -0.288846 0.952668
vn 0.158101 -0.099836 0.982363
vn 0.319218 -0.626501 0.711053
vn 0.201063 -0.772263 0.602647
vn 0.363599 -0.869825 0.333468
vn 0.201063 -0.772263 0.602647
vn 0.0 -0.91547 0.402385
vn 0.363599 -0.869825 0.333468
vn 0.0 0.864364 0.502867
vn -0.615851 0.787837 -0.006331
vn 0.0 0.948247 0.317534
vn 0.460228 0.887297 -0.029912
vn 0.307635 0.429448 0.849079
vn 0.0 0.864364 0.502867
vn 0.307635 0.429448 0.849079
vn 0.0 0.775144 0.631785
vn 0.0 0.864364 0.502867
vn 0.0 0.864364 0.502867
vn 0.0 0.948247 0.317534
vn 0.615851 0.787837 -0.006331
vn -0.201063 -0.772263 0.602647
vn 0.0 -0.91547 0.402385
vn 0.0 -0.830445 0.557101
vn 0.363599 -0.869825 0.333468
vn 0.0 -0.91547 0.402385
vn 0.0 -0.998177 0.060359
vn 0.0 -0.91547 0.402385
vn -0.363599 -0.869825 0.333468
vn 0.0 -0.998177 0.060359
vn -0.30876 -0.941198 -0.137164
vn 0.0 -0.998177 0.060359
vn -0.363599 -0.869825 0.333468
vn 0.0 -0.91547 0.402385
vn 0.201063 -0.772263 0.602647
vn 0.0 -0.830445 0.557101
vn 0.0 -0.91547 0.402385
vn -0.201063 -0.772263 0.602647
vn -0.363599 -0.869825 0.333468
vn -0.201063 -0.772263 0.602647
vn -0.319218 -0.626501 0.711053
vn -0.363599 -0.869825 0.333468
vn 0.152822 0.976987 -0.148799
vn -0.0 0.979911 -0.199437
vn 0.386356 0.875432 -0.290426
vn -0.0 0.979911 -0.199437
vn 0.0 0.871824 -0.489818
vn 0.386356 0.875432 -0.290426
vn -0.152822 0.976987 -0.148799
vn -0.386356 0.875432 -0.290426
vn -0.0 0.979911 -0.199437
vn -0.386356 0.875432 -0.290426
vn 0.0 0.871824 -0.489818
vn -0.0 0.979911 -0.199437
vn 0.457582 0.020158 -0.888939
vn 0.414275 0.425236 -0.804705
vn 0.865969 0.070719 -0.495072
vn 0.756716 0.468555 -0.455891
vn 0.865969 0.070719 -0.495072
vn 0.414275 0.425236 -0.804705
vn 0.327206 0.753627 -0.570072
vn 0.756716 0.468555 -0.455891
vn 0.414275 0.425236 -0.804705
vn 0.756716 0.468555 -0.455891
vn 0.327206 0.753627 -0.570072
vn 0.590769 0.73484 -0.333169
vn 0.327206 0.753627 -0.570072
vn 0.152822 0.976987 -0.148799
vn 0.590769 0.73484 -0.333169
vn 0.0 0.35739 -0.933955
vn 0.457582 0.020158 -0.888939
vn -0.0 -0.090207 -0.995923
vn 0.0 0.35739 -0.933955
vn 0.414275 0.425236 -0.804705
vn 0.457582 0.020158 -0.888939
vn 0.0 0.35739 -0.933955
vn -0.0 -0.090207 -0.995923
vn -0.457582 0.020158 -0.888939
vn 0.0 0.35739 -0.933955
vn -0.457582 0.020158 -0.888939
vn -0.414275 0.425236 -0.804705
vn -0.457582 0.020158 -0.888939
vn -0.865969 0.070719 -0.495072
vn -0.414275 0.425236 -0.804705
vn -0.756716 0.468555 -0.455891
vn -0.414275 0.425236 -0.804705
vn -0.865969 0.070719 -0.495072
vn -0.0 0.687831 -0.72587
vn 0.414275 0.425236 -0.804705
vn 0.0 0.35739 -0.933955
vn -0.0 0.979911 -0.199437
vn 0.327206 0.753627 -0.570072
vn -0.0 0.687831 -0.72587
vn -0.327206 0.753627 -0.570072
vn -0.414275 0.425236 -0.804705
vn -0.756716 0.468555 -0.455891
vn -0.0 0.687831 -0.72587
vn -0.414275 0.425236 -0.804705
vn -0.327206 0.753627 -0.570072
vn -0.756716 0.468555 -0.455891
vn -0.590769 0.73484 -0.333169
vn -0.327206 0.753627 -0.570072
vn -0.327206 0.753627 -0.570072
vn -0.0 0.979911 -0.199437
vn -0.0 0.687831 -0.72587
vn -0.152822 0.976987 -0.148799
vn -0.327206 0.753627 -0.570072
vn -0.590769 0.73484 -0.333169
vn -0.0 0.979911 -0.199437
vn -0.327206 0.753627 -0.570072
vn -0.152822 0.976987 -0.148799
vn 0.327206 0.753627 -0.570072
vn -0.0 0.979911 -0.199437
vn 0.152822 0.976987 -0.148799
vn -0.414275 0.425236 -0.804705
vn -0.0 0.687831 -0.72587
vn 0.0 0.35739 -0.933955
vn 0.414275 0.425236 -0.804705
vn -0.0 0.687831 -0.72587
vn 0.327206 0.753627 -0.570072

# default, 276 grouped triangles

usemtl pumpkin
o default
g default

f 1/1/1 2/2/2 3/3/3
f 2/4/4 4/5/5 3/6/6
f 4/7/7 2/8/8 5/9/9
f 6/10/10 4/11/11 5/12/12
f 2/13/13 1/14/14 7/15/15
f 2/16/16 7/17/17 5/18/18
f 5/19/19 7/20/20 8/21/21
f 8/22/22 6/23/23 5/24/24
f 9/25/25 10/26/26 11/27/27
f 10/28/28 12/29/29 11/30/30
f 13/31/31 14/32/32 9/33/33
f 9/34/34 14/35/35 10/36/36
f 11/37/37 13/38/38 9/39/39
f 14/40/40 12/41/41 10/42/42
f 15/43/43 16/44/44 17/45/45
f 17/46/46 16/47/47 18/48/48
f 3/49/49 4/50/50 19/51/51
f 17/52/52 20/53/53 15/54/54
f 20/55/55 16/56/56 15/57/57
f 3/58/58 19/59/59 21/60/60
f 7/61/61 1/62/62 22/63/63
f 23/64/64 24/65/65 25/66/66
f 24/67/67 18/68/68 25/69/69
f 25/70/70 18/71/71 16/72/72
f 25/73/73 16/74/74 20/75/75
f 26/76/76 21/77/77 27/78/78
f 21/79/79 19/80/80 27/81/81
f 1/82/82 28/83/83 22/84/84
f 1/85/85 29/86/86 28/87/87
f 3/88/88 29/89/89 1/90/90
f 14/91/91 13/92/92 30/93/93
f 31/94/94 20/95/95 17/96/96
f 24/97/97 31/98/98 18/99/99
f 18/100/100 31/101/101 17/102/102
f 13/103/103 20/104/104 30/105/105
f 20/106/106 31/107/107 30/108/108
f 32/109/109 31/110/110 24/111/111
f 31/112/112 32/113/113 33/114/114
f 31/115/115 33/116/116 30/117/117
f 34/118/118 35/119/119 36/120/120
f 37/121/121 38/122/122 39/123/123
f 40/124/124 24/125/125 23/126/126
f 41/127/127 3/128/128 21/129/129
f 26/130/130 41/131/131 21/132/132
f 24/133/133 40/134/134 32/135/135
f 27/136/136 41/137/137 26/138/138
f 33/139/139 42/140/140 41/141/141
f 41/142/142 27/143/143 43/144/144
f 33/145/145 41/146/146 43/147/147
f 42/148/148 33/149/149 32/150/150
f 40/151/151 42/152/152 32/153/153
f 29/154/154 3/155/155 44/156/156
f 29/157/157 45/158/158 28/159/159
f 45/160/160 46/161/161 28/162/162
f 47/163/163 45/164/164 29/165/165
f 29/166/166 44/167/167 47/168/168
f 45/169/169 47/170/170 44/171/171
f 40/172/172 48/173/173 49/174/174
f 42/175/175 40/176/176 49/177/177
f 42/178/178 49/179/179 41/180/180
f 41/181/181 44/182/182 3/183/183
f 45/184/184 37/185/185 46/186/186
f 37/187/187 39/188/188 46/189/189
f 49/190/190 44/191/191 41/192/192
f 50/193/193 51/194/194 48/195/195
f 50/196/196 48/197/197 52/198/198
f 23/199/199 52/200/200 40/201/201
f 48/202/202 40/203/203 52/204/204
f 53/205/205 54/206/206 55/207/207
f 56/208/208 57/209/209 58/210/210
f 58/211/211 57/212/212 59/213/213
f 59/214/214 60/215/215 58/216/216
f 6/217/217 60/218/218 59/219/219
f 58/220/220 7/221/221 56/222/222
f 58/223/223 60/224/224 7/225/225
f 60/226/226 8/227/227 7/228/228
f 8/229/229 60/230/230 6/231/231
f 61/232/232 62/233/233 63/234/234
f 63/235/235 62/236/236 64/237/237
f 65/238/238 61/239/239 66/240/240
f 61/241/241 63/242/242 66/243/243
f 62/244/244 61/245/245 65/246/246
f 66/247/247 63/248/248 64/249/249
f 67/250/250 68/251/251 69/252/252
f 68/253/253 70/254/254 69/255/255
f 57/256/256 71/257/257 59/258/258
f 68/259/259 67/260/260 72/261/261
f 72/262/262 67/263/263 69/264/264
f 57/265/265 73/266/266 71/267/267
f 7/268/268 22/269/269 56/270/270
f 74/271/271 75/272/272 70/273/273
f 75/274/274 69/275/275 70/276/276
f 75/277/277 72/278/278 69/279/279
f 76/280/280 77/281/281 73/282/282
f 77/283/283 71/284/284 73/285/285
f 56/286/286 22/287/287 28/288/288
f 56/289/289 28/290/290 78/291/291
f 57/292/292 56/293/293 78/294/294
f 66/295/295 30/296/296 65/297/297
f 79/298/298 68/299/299 72/300/300
f 74/301/301 70/302/302 79/303/303
f 70/304/304 68/305/305 79/306/306
f 65/307/307 30/308/308 72/309/309
f 72/310/310 30/311/311 79/312/312
f 80/313/313 74/314/314 79/315/315
f 79/316/316 81/317/317 80/318/318
f 79/319/319 30/320/320 81/321/321
f 82/322/322 36/323/323 35/324/324
f 83/325/325 38/326/326 36/327/327
f 83/328/328 36/329/329 82/330/330
f 84/331/331 73/332/332 57/333/333
f 76/334/334 73/335/335 84/336/336
f 74/337/337 80/338/338 85/339/339
f 77/340/340 76/341/341 84/342/342
f 81/343/343 84/344/344 86/345/345
f 84/346/346 87/347/347 77/348/348
f 81/349/349 87/350/350 84/351/351
f 86/352/352 80/353/353 81/354/354
f 85/355/355 80/356/356 86/357/357
f 78/358/358 88/359/359 57/360/360
f 78/361/361 28/362/362 89/363/363
f 28/364/364 46/365/365 89/366/366
f 90/367/367 78/368/368 89/369/369
f 78/370/370 90/371/371 88/372/372
f 89/373/373 88/374/374 90/375/375
f 53/376/376 55/377/377 91/378/378
f 85/379/379 91/380/380 55/381/381
f 86/382/382 91/383/383 85/384/384
f 86/385/385 84/386/386 91/387/387
f 84/388/388 57/389/389 88/390/390
f 91/391/391 84/392/392 88/393/393
f 92/394/394 55/395/395 54/396/396
f 92/397/397 93/398/398 55/399/399
f 55/400/400 93/401/401 85/402/402
f 94/403/403 48/404/404 51/405/405
f 95/406/406 37/407/407 96/408/408
f 38/409/409 37/410/410 95/411/411
f 95/412/412 36/413/413 38/414/414
f 95/415/415 34/416/416 36/417/417
f 97/418/418 35/419/419 34/420/420
f 34/421/421 95/422/422 97/423/423
f 98/424/424 96/425/425 37/426/426
f 94/427/427 49/428/428 48/429/429
f 49/430/430 94/431/431 99/432/432
f 44/433/433 49/434/434 99/435/435
f 44/436/436 98/437/437 45/438/438
f 45/439/439 98/440/440 37/441/441
f 98/442/442 44/443/443 99/444/444
f 38/445/445 83/446/446 100/447/447
f 100/448/448 39/449/449 38/450/450
f 91/451/451 101/452/452 53/453/453
f 88/454/454 101/455/455 91/456/456
f 88/457/457 89/458/458 102/459/459
f 89/460/460 100/461/461 102/462/462
f 89/463/463 46/464/464 100/465/465
f 46/466/466 39/467/467 100/468/468
f 102/469/469 101/470/470 88/471/471
f 35/472/472 97/473/473 103/474/474
f 53/475/475 104/476/476 105/477/477
f 105/478/478 54/479/479 53/480/480
f 106/481/481 104/482/482 102/483/483
f 83/484/484 106/485/485 100/486/486
f 107/487/487 82/488/488 35/489/489
f 35/490/490 103/491/491 107/492/492
f 82/493/493 107/494/494 83/495/495
f 102/496/496 100/497/497 106/498/498
f 104/499/499 53/500/500 101/501/501
f 102/502/502 104/503/503 101/504/504
f 94/505/505 108/506/506 109/507/507
f 108/508/508 94/509/509 51/510/510
f 96/511/511 110/512/512 95/513/513
f 110/514/514 97/515/515 95/516/516
f 109/517/517 96/518/518 98/519/519
f 109/520/520 99/521/521 94/522/522
f 98/523/523 99/524/524 109/525/525
f 110/526/526 109/527/527 108/528/528
f 96/529/529 109/530/530 110/531/531
f 106/532/532 83/533/533 111/534/534
f 83/535/535 107/536/536 111/537/537
f 104/538/538 106/539/539 111/540/540
f 104/541/541 111/542/542 105/543/543
f 112/544/544 113/545/545 114/546/546
f 113/547/547 115/548/548 114/549/549
f 116/550/550 117/551/551 92/552/552
f 117/553/553 93/554/554 92/555/555
f 113/556/556 118/557/557 116/558/558
f 116/559/559 118/560/560 117/561/561
f 114/562/562 119/563/563 112/564/564
f 112/565/565 118/566/566 113/567/567
f 112/568/568 119/569/569 118/570/570
f 118/571/571 120/572/572 117/573/573
f 120/574/574 118/575/575 119/576/576
f 121/577/577 75/578/578 74/579/579
f 85/580/580 121/581/581 74/582/582
f 93/583/583 122/584/584 121/585/585
f 121/586/586 85/587/587 93/588/588
f 120/589/589 122/590/590 117/591/591
f 122/592/592 93/593/593 117/594/594
f 123/595/595 122/596/596 120/597/597
f 52/598/598 23/599/599 124/600/600
f 115/601/601 50/602/602 125/603/603
f 125/604/604 50/605/605 52/606/606
f 125/607/607 52/608/608 124/609/609
f 124/610/610 126/611/611 127/612/612
f 127/613/613 125/614/614 124/615/615
f 115/616/616 125/617/617 114/618/618
f 127/619/619 114/620/620 125/621/621
f 114/622/622 127/623/623 119/624/624
f 126/625/625 128/626/626 127/627/627
f 128/628/628 119/629/629 127/630/630
f 123/631/631 120/632/632 128/633/633
f 120/634/634 119/635/635 128/636/636
f 129/637/637 13/638/638 11/639/639
f 12/640/640 129/641/641 11/642/642
f 129/643/643 20/644/644 13/645/645
f 130/646/646 23/647/647 25/648/648
f 130/649/649 25/650/650 129/651/651
f 25/652/652 20/653/653 129/654/654
f 130/655/655 124/656/656 23/657/657
f 126/658/658 130/659/659 131/660/660
f 126/661/661 131/662/662 128/663/663
f 123/664/664 128/665/665 131/666/666
f 126/667/667 124/668/668 130/669/669
f 132/670/670 62/671/671 65/672/672
f 133/673/673 66/674/674 64/675/675
f 133/676/676 64/677/677 132/678/678
f 64/679/679 62/680/680 132/681/681
f 132/682/682 65/683/683 72/684/684
f 75/685/685 132/686/686 72/687/687
f 122/688/688 134/689/689 121/690/690
f 134/691/691 75/692/692 121/693/693
f 134/694/694 132/695/695 75/696/696
f 134/697/697 122/698/698 123/699/699
f 14/700/700 135/701/701 136/702/702
f 136/703/703 135/704/704 137/705/705
f 136/706/706 12/707/707 14/708/708
f 136/709/709 129/710/710 12/711/711
f 129/712/712 136/713/713 130/714/714
f 136/715/715 138/716/716 130/717/717
f 135/718/718 14/719/719 30/720/720
f 66/721/721 133/722/722 135/723/723
f 133/724/724 137/725/725 135/726/726
f 135/727/727 30/728/728 66/729/729
f 133/730/730 138/731/731 137/732/732
f 130/733/733 138/734/734 131/735/735
f 138/736/736 134/737/737 131/738/738
f 123/739/739 131/740/740 134/741/741
f 138/742/742 136/743/743 137/744/744
f 138/745/745 133/746/746 134/747/747
f 133/748/748 132/749/749 134/750/750
f 110/751/751 139/752/752 97/753/753
f 139/754/754 103/755/755 97/756/756
f 111/757/757 107/758/758 139/759/759
f 107/760/760 103/761/761 139/762/762
f 115/763/763 140/764/764 50/765/765
f 51/766/766 50/767/767 140/768/768
f 141/769/769 51/770/770 140/771/771
f 51/772/772 141/773/773 108/774/774
f 141/775/775 110/776/776 108/777/777
f 142/778/778 115/779/779 113/780/780
f 142/781/781 140/782/782 115/783/783
f 142/784/784 113/785/785 116/786/786
f 142/787/787 116/788/788 143/789/789
f 116/790/790 92/791/791 143/792/792
f 54/793/793 143/794/794 92/795/795
f 144/796/796 140/797/797 142/798/798
f 139/799/799 141/800/800 144/801/801
f 145/802/802 143/803/803 54/804/804
f 144/805/805 143/806/806 145/807/807
f 54/808/808 105/809/809 145/810/810
f 145/811/811 139/812/812 144/813/813
f 111/814/814 145/815/815 105/816/816
f 139/817/817 145/818/818 111/819/819
f 141/820/820 139/821/821 110/822/822
f 143/823/823 144/824/824 142/825/825
f 140/826/826 144/827/827 141/828/828
